double_exp
0.000000e+00
4.700050e-02
9.179104e-02
1.344755e-01
1.751530e-01
2.139177e-01
2.508596e-01
2.860645e-01
3.196139e-01
3.515856e-01
3.820540e-01
4.110895e-01
4.387597e-01
4.651286e-01
4.902575e-01
5.142046e-01
5.370254e-01
5.587731e-01
5.794979e-01
5.992480e-01
6.180691e-01
6.360051e-01
6.530974e-01
6.693857e-01
6.849079e-01
6.996999e-01
7.137961e-01
7.272292e-01
7.400304e-01
7.522293e-01
7.638542e-01
7.749323e-01
7.854891e-01
7.955492e-01
8.051359e-01
8.142714e-01
8.229771e-01
8.312730e-01
8.391785e-01
8.467119e-01
8.538908e-01
8.607316e-01
8.672505e-01
8.734624e-01
8.793819e-01
8.850226e-01
8.903977e-01
8.955197e-01
9.004004e-01
9.050513e-01
9.094830e-01
9.137060e-01
9.177299e-01
9.215643e-01
9.252180e-01
9.286994e-01
9.320167e-01
9.351777e-01
9.381896e-01
9.410594e-01
9.437939e-01
9.463994e-01
9.488819e-01
9.512473e-01
9.535010e-01
9.556484e-01
9.576943e-01
9.596436e-01
9.615008e-01
9.632703e-01
9.649561e-01
9.665622e-01
9.680924e-01
9.695501e-01
9.709389e-01
9.722620e-01
9.735224e-01
9.747231e-01
9.758669e-01
9.769565e-01
9.779944e-01
9.789830e-01
9.799248e-01
9.808218e-01
9.816762e-01
9.824899e-01
9.832650e-01
9.840032e-01
9.847062e-01
9.853757e-01
9.860133e-01
9.866205e-01
9.871986e-01
9.877492e-01
9.882734e-01
9.887725e-01
9.892477e-01
9.897001e-01
9.901308e-01
9.905408e-01
9.909310e-01
9.913025e-01
9.916560e-01
9.919925e-01
9.923127e-01
9.926174e-01
9.929073e-01
9.931832e-01
9.934456e-01
9.936952e-01
9.939327e-01
9.941585e-01
9.943733e-01
9.945775e-01
9.947717e-01
9.949563e-01
9.951317e-01
9.952985e-01
9.954569e-01
9.956075e-01
9.957505e-01
9.958864e-01
9.960154e-01
9.961379e-01
9.962542e-01
9.963645e-01
9.964693e-01
9.965686e-01
9.966629e-01
9.967522e-01
9.968369e-01
9.969172e-01
9.969932e-01
9.970652e-01
9.971334e-01
9.971979e-01
9.972589e-01
9.973167e-01
9.973712e-01
9.974227e-01
9.974714e-01
9.975173e-01
9.975606e-01
9.976014e-01
9.976399e-01
9.976761e-01
9.977101e-01
9.977421e-01
9.977721e-01
9.978003e-01
9.978266e-01
9.978513e-01
9.978744e-01
9.978960e-01
9.979160e-01
9.979347e-01
9.979521e-01
9.979682e-01
9.979831e-01
9.979968e-01
9.980094e-01
9.980210e-01
9.980316e-01
9.980412e-01
9.980499e-01
9.980578e-01
9.980649e-01
9.980711e-01
9.980767e-01
9.980815e-01
9.980856e-01
9.980891e-01
9.980919e-01
9.980942e-01
9.980959e-01
9.980971e-01
9.980978e-01
9.980980e-01
9.980977e-01
9.980970e-01
9.980959e-01
9.980944e-01
9.980925e-01
9.980902e-01
9.980876e-01
9.980847e-01
9.980814e-01
9.980779e-01
9.980740e-01
9.980699e-01
9.980656e-01
9.980610e-01
9.980561e-01
9.980510e-01
9.980458e-01
9.980403e-01
9.980346e-01
9.980287e-01
9.980227e-01
9.980165e-01
9.980101e-01
9.980036e-01
9.979969e-01
9.979901e-01
9.979832e-01
9.979761e-01
9.979689e-01
9.979616e-01
9.979542e-01
9.979467e-01
9.979391e-01
9.979314e-01
9.979236e-01
9.979157e-01
9.979078e-01
9.978997e-01
9.978916e-01
9.978834e-01
9.978752e-01
9.978669e-01
9.978585e-01
9.978501e-01
9.978416e-01
9.978331e-01
9.978245e-01
9.978158e-01
9.978072e-01
9.977984e-01
9.977897e-01
9.977809e-01
9.977720e-01
9.977631e-01
9.977542e-01
9.977453e-01
9.977363e-01
9.977273e-01
9.977182e-01
9.977092e-01
9.977001e-01
9.976910e-01
9.976818e-01
9.976727e-01
9.976635e-01
9.976543e-01
9.976451e-01
9.976359e-01
9.976266e-01
9.976173e-01
9.976080e-01
9.975987e-01
9.975894e-01
9.975801e-01
9.975708e-01
9.975614e-01
9.975520e-01
9.975427e-01
9.975333e-01
9.975239e-01
9.975145e-01
9.975051e-01
9.974956e-01
9.974862e-01
9.974767e-01
9.974673e-01
9.974578e-01
9.974484e-01
9.974389e-01
9.974294e-01
9.974199e-01
9.974105e-01
9.974010e-01
9.973915e-01
9.973820e-01
9.973725e-01
9.973629e-01
9.973534e-01
9.973439e-01
9.973344e-01
9.973248e-01
9.973153e-01
9.973058e-01
9.972962e-01
9.972867e-01
9.972772e-01
9.972676e-01
9.972581e-01
9.972485e-01
9.972390e-01
9.972294e-01
9.972198e-01
9.972103e-01
9.972007e-01
9.971911e-01
9.971816e-01
9.971720e-01
9.971624e-01
9.971529e-01
9.971433e-01
9.971337e-01
9.971242e-01
9.971146e-01
9.971050e-01
9.970954e-01
9.970858e-01
9.970763e-01
9.970667e-01
9.970571e-01
9.970475e-01
9.970379e-01
9.970283e-01
9.970188e-01
9.970092e-01
9.969996e-01
9.969900e-01
9.969804e-01
9.969708e-01
9.969612e-01
9.969516e-01
9.969421e-01
9.969325e-01
9.969229e-01
9.969133e-01
9.969037e-01
9.968941e-01
9.968845e-01
9.968749e-01
9.968653e-01
9.968557e-01
9.968461e-01
9.968365e-01
9.968270e-01
9.968174e-01
9.968078e-01
9.967982e-01
9.967886e-01
9.967790e-01
9.967694e-01
9.967598e-01
9.967502e-01
9.967406e-01
9.967310e-01
9.967214e-01
9.967118e-01
9.967022e-01
9.966926e-01
9.966830e-01
9.966734e-01
9.966638e-01
9.966542e-01
9.966447e-01
9.966351e-01
9.966255e-01
9.966159e-01
9.966063e-01
9.965967e-01
9.965871e-01
9.965775e-01
9.965679e-01
9.965583e-01
9.965487e-01
9.965391e-01
9.965295e-01
9.965199e-01
9.965103e-01
9.965007e-01
9.964911e-01
9.964815e-01
9.964719e-01
9.964623e-01
9.964527e-01
9.964431e-01
9.964336e-01
9.964240e-01
9.964144e-01
9.964048e-01
9.963952e-01
9.963856e-01
9.963760e-01
9.963664e-01
9.963568e-01
9.963472e-01
9.963376e-01
9.963280e-01
9.963184e-01
9.963088e-01
9.962992e-01
9.962896e-01
9.962800e-01
9.962704e-01
9.962609e-01
9.962513e-01
9.962417e-01
9.962321e-01
9.962225e-01
9.962129e-01
9.962033e-01
9.961937e-01
9.961841e-01
9.961745e-01
9.961649e-01
9.961553e-01
9.961457e-01
9.961361e-01
9.961265e-01
9.961170e-01
9.961074e-01
9.960978e-01
9.960882e-01
9.960786e-01
9.960690e-01
9.960594e-01
9.960498e-01
9.960402e-01
9.960306e-01
9.960210e-01
9.960114e-01
9.960018e-01
9.959923e-01
9.959827e-01
9.959731e-01
9.959635e-01
9.959539e-01
9.959443e-01
9.959347e-01
9.959251e-01
9.959155e-01
9.959059e-01
9.958963e-01
9.958868e-01
9.958772e-01
9.958676e-01
9.958580e-01
9.958484e-01
9.958388e-01
9.958292e-01
9.958196e-01
9.958100e-01
9.958004e-01
9.957909e-01
9.957813e-01
9.957717e-01
9.957621e-01
9.957525e-01
9.957429e-01
9.957333e-01
9.957237e-01
9.957141e-01
9.957046e-01
9.956950e-01
9.956854e-01
9.956758e-01
9.956662e-01
9.956566e-01
9.956470e-01
9.956374e-01
9.956278e-01
9.956183e-01
9.956087e-01
9.955991e-01
9.955895e-01
9.955799e-01
9.955703e-01
9.955607e-01
9.955511e-01
9.955416e-01
9.955320e-01
9.955224e-01
9.955128e-01
9.955032e-01
9.954936e-01
9.954840e-01
9.954744e-01
9.954649e-01
9.954553e-01
9.954457e-01
9.954361e-01
9.954265e-01
9.954169e-01
9.954073e-01
9.953978e-01
9.953882e-01
9.953786e-01
9.953690e-01
9.953594e-01
9.953498e-01
9.953402e-01
9.953307e-01
9.953211e-01
9.953115e-01
9.953019e-01
9.952923e-01
9.952827e-01
9.952731e-01
9.952636e-01
9.952540e-01
9.952444e-01
9.952348e-01
9.952252e-01
9.952156e-01
9.952061e-01
9.951965e-01
9.951869e-01
9.951773e-01
9.951677e-01
9.951581e-01
9.951486e-01
9.951390e-01
9.951294e-01
9.951198e-01
9.951102e-01
9.951006e-01
9.950911e-01
9.950815e-01
9.950719e-01
9.950623e-01
9.950527e-01
9.950431e-01
9.950336e-01
9.950240e-01
9.950144e-01
9.950048e-01
9.949952e-01
9.949856e-01
9.949761e-01
9.949665e-01
9.949569e-01
9.949473e-01
9.949377e-01
9.949282e-01
9.949186e-01
9.949090e-01
9.948994e-01
9.948898e-01
9.948803e-01
9.948707e-01
9.948611e-01
9.948515e-01
9.948419e-01
9.948324e-01
9.948228e-01
9.948132e-01
9.948036e-01
9.947940e-01
9.947844e-01
9.947749e-01
9.947653e-01
9.947557e-01
9.947461e-01
9.947366e-01
9.947270e-01
9.947174e-01
9.947078e-01
9.946982e-01
9.946887e-01
9.946791e-01
9.946695e-01
9.946599e-01
9.946503e-01
9.946408e-01
9.946312e-01
9.946216e-01
9.946120e-01
9.946024e-01
9.945929e-01
9.945833e-01
9.945737e-01
9.945641e-01
9.945546e-01
9.945450e-01
9.945354e-01
9.945258e-01
9.945162e-01
9.945067e-01
9.944971e-01
9.944875e-01
9.944779e-01
9.944684e-01
9.944588e-01
9.944492e-01
9.944396e-01
9.944301e-01
9.944205e-01
9.944109e-01
9.944013e-01
9.943917e-01
9.943822e-01
9.943726e-01
9.943630e-01
9.943534e-01
9.943439e-01
9.943343e-01
9.943247e-01
9.943151e-01
9.943056e-01
9.942960e-01
9.942864e-01
9.942768e-01
9.942673e-01
9.942577e-01
9.942481e-01
9.942385e-01
9.942290e-01
9.942194e-01
9.942098e-01
9.942002e-01
9.941907e-01
9.941811e-01
9.941715e-01
9.941619e-01
9.941524e-01
9.941428e-01
9.941332e-01
9.941237e-01
9.941141e-01
9.941045e-01
9.940949e-01
9.940854e-01
9.940758e-01
9.940662e-01
9.940566e-01
9.940471e-01
9.940375e-01
9.940279e-01
9.940183e-01
9.940088e-01
9.939992e-01
9.939896e-01
9.939801e-01
9.939705e-01
9.939609e-01
9.939513e-01
9.939418e-01
9.939322e-01
9.939226e-01
9.939131e-01
9.939035e-01
9.938939e-01
9.938843e-01
9.938748e-01
9.938652e-01
9.938556e-01
9.938461e-01
9.938365e-01
9.938269e-01
9.938173e-01
9.938078e-01
9.937982e-01
9.937886e-01
9.937791e-01
9.937695e-01
9.937599e-01
9.937504e-01
9.937408e-01
9.937312e-01
9.937216e-01
9.937121e-01
9.937025e-01
9.936929e-01
9.936834e-01
9.936738e-01
9.936642e-01
9.936547e-01
9.936451e-01
9.936355e-01
9.936259e-01
9.936164e-01
9.936068e-01
9.935972e-01
9.935877e-01
9.935781e-01
9.935685e-01
9.935590e-01
9.935494e-01
9.935398e-01
9.935303e-01
9.935207e-01
9.935111e-01
9.935016e-01
9.934920e-01
9.934824e-01
9.934729e-01
9.934633e-01
9.934537e-01
9.934442e-01
9.934346e-01
9.934250e-01
9.934155e-01
9.934059e-01
9.933963e-01
9.933868e-01
9.933772e-01
9.933676e-01
9.933581e-01
9.933485e-01
9.933389e-01
9.933294e-01
9.933198e-01
9.933102e-01
9.933007e-01
9.932911e-01
9.932815e-01
9.932720e-01
9.932624e-01
9.932528e-01
9.932433e-01
9.932337e-01
9.932241e-01
9.932146e-01
9.932050e-01
9.931954e-01
9.931859e-01
9.931763e-01
9.931668e-01
9.931572e-01
9.931476e-01
9.931381e-01
9.931285e-01
9.931189e-01
9.931094e-01
9.930998e-01
9.930902e-01
9.930807e-01
9.930711e-01
9.930615e-01
9.930520e-01
9.930424e-01
9.930329e-01
9.930233e-01
9.930137e-01
9.930042e-01
9.929946e-01
9.929850e-01
9.929755e-01
9.929659e-01
9.929564e-01
9.929468e-01
9.929372e-01
9.929277e-01
9.929181e-01
9.929085e-01
9.928990e-01
9.928894e-01
9.928799e-01
9.928703e-01
9.928607e-01
9.928512e-01
9.928416e-01
9.928321e-01
9.928225e-01
9.928129e-01
9.928034e-01
9.927938e-01
9.927842e-01
9.927747e-01
9.927651e-01
9.927556e-01
9.927460e-01
9.927364e-01
9.927269e-01
9.927173e-01
9.927078e-01
9.926982e-01
9.926886e-01
9.926791e-01
9.926695e-01
9.926600e-01
9.926504e-01
9.926408e-01
9.926313e-01
9.926217e-01
9.926122e-01
9.926026e-01
9.925931e-01
9.925835e-01
9.925739e-01
9.925644e-01
9.925548e-01
9.925453e-01
9.925357e-01
9.925261e-01
9.925166e-01
9.925070e-01
9.924975e-01
9.924879e-01
9.924784e-01
9.924688e-01
9.924592e-01
9.924497e-01
9.924401e-01
9.924306e-01
9.924210e-01
9.924115e-01
9.924019e-01
9.923923e-01
9.923828e-01
9.923732e-01
9.923637e-01
9.923541e-01
9.923446e-01
9.923350e-01
9.923254e-01
9.923159e-01
9.923063e-01
9.922968e-01
9.922872e-01
9.922777e-01
9.922681e-01
9.922585e-01
9.922490e-01
9.922394e-01
9.922299e-01
9.922203e-01
9.922108e-01
9.922012e-01
9.921917e-01
9.921821e-01
9.921726e-01
9.921630e-01
9.921534e-01
9.921439e-01
9.921343e-01
9.921248e-01
9.921152e-01
9.921057e-01
9.920961e-01
9.920866e-01
9.920770e-01
9.920675e-01
9.920579e-01
9.920483e-01
9.920388e-01
9.920292e-01
9.920197e-01
9.920101e-01
9.920006e-01
9.919910e-01
9.919815e-01
9.919719e-01
9.919624e-01
9.919528e-01
9.919433e-01
9.919337e-01
9.919242e-01
9.919146e-01
9.919051e-01
9.918955e-01
9.918859e-01
9.918764e-01
9.918668e-01
9.918573e-01
9.918477e-01
9.918382e-01
9.918286e-01
9.918191e-01
9.918095e-01
9.918000e-01
9.917904e-01
9.917809e-01
9.917713e-01
9.917618e-01
9.917522e-01
9.917427e-01
9.917331e-01
9.917236e-01
9.917140e-01
9.917045e-01
9.916949e-01
9.916854e-01
9.916758e-01
9.916663e-01
9.916567e-01
9.916472e-01
9.916376e-01
9.916281e-01
9.916185e-01
9.916090e-01
9.915994e-01
9.915899e-01
9.915803e-01
9.915708e-01
9.915612e-01
9.915517e-01
9.915421e-01
9.915326e-01
9.915230e-01
9.915135e-01
9.915039e-01
9.914944e-01
9.914848e-01
9.914753e-01
9.914657e-01
9.914562e-01
9.914467e-01
9.914371e-01
9.914276e-01
9.914180e-01
9.914085e-01
9.913989e-01
9.913894e-01
9.913798e-01
9.913703e-01
9.913607e-01
9.913512e-01
9.913416e-01
9.913321e-01
9.913225e-01
9.913130e-01
9.913034e-01
9.912939e-01
9.912844e-01
9.912748e-01
9.912653e-01
9.912557e-01
9.912462e-01
9.912366e-01
9.912271e-01
9.912175e-01
9.912080e-01
9.911984e-01
9.911889e-01
9.911793e-01
9.911698e-01
9.911603e-01
9.911507e-01
9.911412e-01
9.911316e-01
9.911221e-01
9.911125e-01
9.911030e-01
9.910934e-01
9.910839e-01
9.910744e-01
9.910648e-01
9.910553e-01
9.910457e-01
9.910362e-01
9.910266e-01
9.910171e-01
9.910075e-01
9.909980e-01
9.909885e-01
9.909789e-01
9.909694e-01
9.909598e-01
9.909503e-01
9.909407e-01
9.909312e-01
9.909217e-01
9.909121e-01
9.909026e-01
9.908930e-01
9.908835e-01
9.908739e-01
9.908644e-01
9.908549e-01
9.908453e-01
9.908358e-01
9.908262e-01
9.908167e-01
9.908072e-01
9.907976e-01
9.907881e-01
9.907785e-01
9.907690e-01
9.907594e-01
9.907499e-01
9.907404e-01
9.907308e-01
9.907213e-01
9.907117e-01
9.907022e-01
9.906927e-01
9.906831e-01
9.906736e-01
9.906640e-01
9.906545e-01
9.906450e-01
9.906354e-01
9.906259e-01
9.906163e-01
9.906068e-01
9.905973e-01
9.905877e-01
9.905782e-01
9.905686e-01
9.905591e-01
9.905496e-01
9.905400e-01
9.905305e-01
9.905209e-01
9.905114e-01
9.905019e-01
9.904923e-01
9.904828e-01
9.904733e-01
9.904637e-01
9.904542e-01
9.904446e-01
9.904351e-01
9.904256e-01
9.904160e-01
9.904065e-01
9.903969e-01
9.903874e-01
9.903779e-01
9.903683e-01
9.903588e-01
9.903493e-01
9.903397e-01
9.903302e-01
9.903206e-01
9.903111e-01
9.903016e-01
9.902920e-01
9.902825e-01
9.902730e-01
9.902634e-01
9.902539e-01
9.902444e-01
9.902348e-01
9.902253e-01
9.902157e-01
9.902062e-01
9.901967e-01
9.901871e-01
9.901776e-01
9.901681e-01
9.901585e-01
9.901490e-01
9.901395e-01
9.901299e-01
9.901204e-01
9.901109e-01
9.901013e-01
9.900918e-01
9.900823e-01
9.900727e-01
9.900632e-01
9.900536e-01
9.900441e-01
9.900346e-01
9.900250e-01
9.900155e-01
9.900060e-01
9.899964e-01
9.899869e-01
9.899774e-01
9.899678e-01
9.899583e-01
9.899488e-01
9.899392e-01
9.899297e-01
9.899202e-01
9.899106e-01
9.899011e-01
9.898916e-01
9.898820e-01
9.898725e-01
9.898630e-01
9.898534e-01
9.898439e-01
9.898344e-01
9.898248e-01
9.898153e-01
9.898058e-01
9.897963e-01
9.897867e-01
9.897772e-01
9.897677e-01
9.897581e-01
9.897486e-01
9.897391e-01
9.897295e-01
9.897200e-01
9.897105e-01
9.897009e-01
9.896914e-01
9.896819e-01
9.896723e-01
9.896628e-01
9.896533e-01
9.896438e-01
9.896342e-01
9.896247e-01
9.896152e-01
9.896056e-01
9.895961e-01
9.895866e-01
9.895770e-01
9.895675e-01
9.895580e-01
9.895485e-01
9.895389e-01
9.895294e-01
9.895199e-01
9.895103e-01
9.895008e-01
9.894913e-01
9.894817e-01
9.894722e-01
9.894627e-01
9.894532e-01
9.894436e-01
9.894341e-01
9.894246e-01
9.894150e-01
9.894055e-01
9.893960e-01
9.893865e-01
9.893769e-01
9.893674e-01
9.893579e-01
9.893484e-01
9.893388e-01
9.893293e-01
9.893198e-01
9.893102e-01
9.893007e-01
9.892912e-01
9.892817e-01
9.892721e-01
9.892626e-01
9.892531e-01
9.892436e-01
9.892340e-01
9.892245e-01
9.892150e-01
9.892054e-01
9.891959e-01
9.891864e-01
9.891769e-01
9.891673e-01
9.891578e-01
9.891483e-01
9.891388e-01
9.891292e-01
9.891197e-01
9.891102e-01
9.891007e-01
9.890911e-01
9.890816e-01
9.890721e-01
9.890626e-01
9.890530e-01
9.890435e-01
9.890340e-01
9.890245e-01
9.890149e-01
9.890054e-01
9.889959e-01
9.889864e-01
9.889768e-01
9.889673e-01
9.889578e-01
9.889483e-01
9.889387e-01
9.889292e-01
9.889197e-01
9.889102e-01
9.889007e-01
9.888911e-01
9.888816e-01
9.888721e-01
9.888626e-01
9.888530e-01
9.888435e-01
9.888340e-01
9.888245e-01
9.888149e-01
9.888054e-01
9.887959e-01
9.887864e-01
9.887769e-01
9.887673e-01
9.887578e-01
9.887483e-01
9.887388e-01
9.887293e-01
9.887197e-01
9.887102e-01
9.887007e-01
9.886912e-01
9.886816e-01
9.886721e-01
9.886626e-01
9.886531e-01
9.886436e-01
9.886340e-01
9.886245e-01
9.886150e-01
9.886055e-01
9.885960e-01
9.885864e-01
9.885769e-01
9.885674e-01
9.885579e-01
9.885484e-01
9.885388e-01
9.885293e-01
9.885198e-01
9.885103e-01
9.885008e-01
9.884912e-01
9.884817e-01
9.884722e-01
9.884627e-01
9.884532e-01
9.884436e-01
9.884341e-01
9.884246e-01
9.884151e-01
9.884056e-01
9.883960e-01
9.883865e-01
9.883770e-01
9.883675e-01
9.883580e-01
9.883485e-01
9.883389e-01
9.883294e-01
9.883199e-01
9.883104e-01
9.883009e-01
9.882914e-01
9.882818e-01
9.882723e-01
9.882628e-01
9.882533e-01
9.882438e-01
9.882342e-01
9.882247e-01
9.882152e-01
9.882057e-01
9.881962e-01
9.881867e-01
9.881771e-01
9.881676e-01
9.881581e-01
9.881486e-01
9.881391e-01
9.881296e-01
9.881201e-01
9.881105e-01
9.881010e-01
9.880915e-01
9.880820e-01
9.880725e-01
9.880630e-01
9.880534e-01
9.880439e-01
9.880344e-01
9.880249e-01
9.880154e-01
9.880059e-01
9.879964e-01
9.879868e-01
9.879773e-01
9.879678e-01
9.879583e-01
9.879488e-01
9.879393e-01
9.879298e-01
9.879202e-01
9.879107e-01
9.879012e-01
9.878917e-01
9.878822e-01
9.878727e-01
9.878632e-01
9.878536e-01
9.878441e-01
9.878346e-01
9.878251e-01
9.878156e-01
9.878061e-01
9.877966e-01
9.877871e-01
9.877775e-01
9.877680e-01
9.877585e-01
9.877490e-01
9.877395e-01
9.877300e-01
9.877205e-01
9.877110e-01
9.877014e-01
9.876919e-01
9.876824e-01
9.876729e-01
9.876634e-01
9.876539e-01
9.876444e-01
9.876349e-01
9.876254e-01
9.876158e-01
9.876063e-01
9.875968e-01
9.875873e-01
9.875778e-01
9.875683e-01
9.875588e-01
9.875493e-01
9.875398e-01
9.875302e-01
9.875207e-01
9.875112e-01
9.875017e-01
9.874922e-01
9.874827e-01
9.874732e-01
9.874637e-01
9.874542e-01
9.874447e-01
9.874352e-01
9.874256e-01
9.874161e-01
9.874066e-01
9.873971e-01
9.873876e-01
9.873781e-01
9.873686e-01
9.873591e-01
9.873496e-01
9.873401e-01
9.873306e-01
9.873210e-01
9.873115e-01
9.873020e-01
9.872925e-01
9.872830e-01
9.872735e-01
9.872640e-01
9.872545e-01
9.872450e-01
9.872355e-01
9.872260e-01
9.872165e-01
9.872070e-01
9.871975e-01
9.871879e-01
9.871784e-01
9.871689e-01
9.871594e-01
9.871499e-01
9.871404e-01
9.871309e-01
9.871214e-01
9.871119e-01
9.871024e-01
9.870929e-01
9.870834e-01
9.870739e-01
9.870644e-01
9.870549e-01
9.870454e-01
9.870358e-01
9.870263e-01
9.870168e-01
9.870073e-01
9.869978e-01
9.869883e-01
9.869788e-01
9.869693e-01
9.869598e-01
9.869503e-01
9.869408e-01
9.869313e-01
9.869218e-01
9.869123e-01
9.869028e-01
9.868933e-01
9.868838e-01
9.868743e-01
9.868648e-01
9.868553e-01
9.868458e-01
9.868363e-01
9.868268e-01
9.868172e-01
9.868077e-01
9.867982e-01
9.867887e-01
9.867792e-01
9.867697e-01
9.867602e-01
9.867507e-01
9.867412e-01
9.867317e-01
9.867222e-01
9.867127e-01
9.867032e-01
9.866937e-01
9.866842e-01
9.866747e-01
9.866652e-01
9.866557e-01
9.866462e-01
9.866367e-01
9.866272e-01
9.866177e-01
9.866082e-01
9.865987e-01
9.865892e-01
9.865797e-01
9.865702e-01
9.865607e-01
9.865512e-01
9.865417e-01
9.865322e-01
9.865227e-01
9.865132e-01
9.865037e-01
9.864942e-01
9.864847e-01
9.864752e-01
9.864657e-01
9.864562e-01
9.864467e-01
9.864372e-01
9.864277e-01
9.864182e-01
9.864087e-01
9.863992e-01
9.863897e-01
9.863802e-01
9.863707e-01
9.863612e-01
9.863517e-01
9.863422e-01
9.863327e-01
9.863232e-01
9.863137e-01
9.863042e-01
9.862947e-01
9.862852e-01
9.862757e-01
9.862662e-01
9.862567e-01
9.862472e-01
9.862377e-01
9.862282e-01
9.862187e-01
9.862092e-01
9.861997e-01
9.861902e-01
9.861807e-01
9.861712e-01
9.861617e-01
9.861522e-01
9.861427e-01
9.861333e-01
9.861238e-01
9.861143e-01
9.861048e-01
9.860953e-01
9.860858e-01
9.860763e-01
9.860668e-01
9.860573e-01
9.860478e-01
9.860383e-01
9.860288e-01
9.860193e-01
9.860098e-01
9.860003e-01
9.859908e-01
9.859813e-01
9.859718e-01
9.859623e-01
9.859528e-01
9.859433e-01
9.859338e-01
9.859243e-01
9.859149e-01
9.859054e-01
9.858959e-01
9.858864e-01
9.858769e-01
9.858674e-01
9.858579e-01
9.858484e-01
9.858389e-01
9.858294e-01
9.858199e-01
9.858104e-01
9.858009e-01
9.857914e-01
9.857819e-01
9.857724e-01
9.857630e-01
9.857535e-01
9.857440e-01
9.857345e-01
9.857250e-01
9.857155e-01
9.857060e-01
9.856965e-01
9.856870e-01
9.856775e-01
9.856680e-01
9.856585e-01
9.856490e-01
9.856395e-01
9.856301e-01
9.856206e-01
9.856111e-01
9.856016e-01
9.855921e-01
9.855826e-01
9.855731e-01
9.855636e-01
9.855541e-01
9.855446e-01
9.855351e-01
9.855257e-01
9.855162e-01
9.855067e-01
9.854972e-01
9.854877e-01
9.854782e-01
9.854687e-01
9.854592e-01
9.854497e-01
9.854402e-01
9.854307e-01
9.854213e-01
9.854118e-01
9.854023e-01
9.853928e-01
9.853833e-01
9.853738e-01
9.853643e-01
9.853548e-01
9.853453e-01
9.853359e-01
9.853264e-01
9.853169e-01
9.853074e-01
9.852979e-01
9.852884e-01
9.852789e-01
9.852694e-01
9.852599e-01
9.852505e-01
9.852410e-01
9.852315e-01
9.852220e-01
9.852125e-01
9.852030e-01
9.851935e-01
9.851840e-01
9.851746e-01
9.851651e-01
9.851556e-01
9.851461e-01
9.851366e-01
9.851271e-01
9.851176e-01
9.851081e-01
9.850987e-01
9.850892e-01
9.850797e-01
9.850702e-01
9.850607e-01
9.850512e-01
9.850417e-01
9.850323e-01
9.850228e-01
9.850133e-01
9.850038e-01
9.849943e-01
9.849848e-01
9.849753e-01
9.849659e-01
9.849564e-01
9.849469e-01
9.849374e-01
9.849279e-01
9.849184e-01
9.849089e-01
9.848995e-01
9.848900e-01
9.848805e-01
9.848710e-01
9.848615e-01
9.848520e-01
9.848426e-01
9.848331e-01
9.848236e-01
9.848141e-01
9.848046e-01
9.847951e-01
9.847856e-01
9.847762e-01
9.847667e-01
9.847572e-01
9.847477e-01
9.847382e-01
9.847287e-01
9.847193e-01
9.847098e-01
9.847003e-01
9.846908e-01
9.846813e-01
9.846718e-01
9.846624e-01
9.846529e-01
9.846434e-01
9.846339e-01
9.846244e-01
9.846150e-01
9.846055e-01
9.845960e-01
9.845865e-01
9.845770e-01
9.845675e-01
9.845581e-01
9.845486e-01
9.845391e-01
9.845296e-01
9.845201e-01
9.845107e-01
9.845012e-01
9.844917e-01
9.844822e-01
9.844727e-01
9.844633e-01
9.844538e-01
9.844443e-01
9.844348e-01
9.844253e-01
9.844159e-01
9.844064e-01
9.843969e-01
9.843874e-01
9.843779e-01
9.843685e-01
9.843590e-01
9.843495e-01
9.843400e-01
9.843305e-01
9.843211e-01
9.843116e-01
9.843021e-01
9.842926e-01
9.842831e-01
9.842737e-01
9.842642e-01
9.842547e-01
9.842452e-01
9.842357e-01
9.842263e-01
9.842168e-01
9.842073e-01
9.841978e-01
9.841884e-01
9.841789e-01
9.841694e-01
9.841599e-01
9.841504e-01
9.841410e-01
9.841315e-01
9.841220e-01
9.841125e-01
9.841031e-01
9.840936e-01
9.840841e-01
9.840746e-01
9.840652e-01
9.840557e-01
9.840462e-01
9.840367e-01
9.840272e-01
9.840178e-01
9.840083e-01
9.839988e-01
9.839893e-01
9.839799e-01
9.839704e-01
9.839609e-01
9.839514e-01
9.839420e-01
9.839325e-01
9.839230e-01
9.839135e-01
9.839041e-01
9.838946e-01
9.838851e-01
9.838756e-01
9.838662e-01
9.838567e-01
9.838472e-01
9.838377e-01
9.838283e-01
9.838188e-01
9.838093e-01
9.837998e-01
9.837904e-01
9.837809e-01
9.837714e-01
9.837619e-01
9.837525e-01
9.837430e-01
9.837335e-01
9.837240e-01
9.837146e-01
9.837051e-01
9.836956e-01
9.836862e-01
9.836767e-01
9.836672e-01
9.836577e-01
9.836483e-01
9.836388e-01
9.836293e-01
9.836198e-01
9.836104e-01
9.836009e-01
9.835914e-01
9.835820e-01
9.835725e-01
9.835630e-01
9.835535e-01
9.835441e-01
9.835346e-01
9.835251e-01
9.835157e-01
9.835062e-01
9.834967e-01
9.834872e-01
9.834778e-01
9.834683e-01
9.834588e-01
9.834494e-01
9.834399e-01
9.834304e-01
9.834209e-01
9.834115e-01
9.834020e-01
9.833925e-01
9.833831e-01
9.833736e-01
9.833641e-01
9.833547e-01
9.833452e-01
9.833357e-01
9.833262e-01
9.833168e-01
9.833073e-01
9.832978e-01
9.832884e-01
9.832789e-01
9.832694e-01
9.832600e-01
9.832505e-01
9.832410e-01
9.832316e-01
9.832221e-01
9.832126e-01
9.832031e-01
9.831937e-01
9.831842e-01
9.831747e-01
9.831653e-01
9.831558e-01
9.831463e-01
9.831369e-01
9.831274e-01
9.831179e-01
9.831085e-01
9.830990e-01
9.830895e-01
9.830801e-01
9.830706e-01
9.830611e-01
9.830517e-01
9.830422e-01
9.830327e-01
9.830233e-01
9.830138e-01
9.830043e-01
9.829949e-01
9.829854e-01
9.829759e-01
9.829665e-01
9.829570e-01
9.829475e-01
9.829381e-01
9.829286e-01
9.829191e-01
9.829097e-01
9.829002e-01
9.828907e-01
9.828813e-01
9.828718e-01
9.828623e-01
9.828529e-01
9.828434e-01
9.828339e-01
9.828245e-01
9.828150e-01
9.828056e-01
9.827961e-01
9.827866e-01
9.827772e-01
9.827677e-01
9.827582e-01
9.827488e-01
9.827393e-01
9.827298e-01
9.827204e-01
9.827109e-01
9.827014e-01
9.826920e-01
9.826825e-01
9.826731e-01
9.826636e-01
9.826541e-01
9.826447e-01
9.826352e-01
9.826257e-01
9.826163e-01
9.826068e-01
9.825974e-01
9.825879e-01
9.825784e-01
9.825690e-01
9.825595e-01
9.825500e-01
9.825406e-01
9.825311e-01
9.825217e-01
9.825122e-01
9.825027e-01
9.824933e-01
9.824838e-01
9.824743e-01
9.824649e-01
9.824554e-01
9.824460e-01
9.824365e-01
9.824270e-01
9.824176e-01
9.824081e-01
9.823987e-01
9.823892e-01
9.823797e-01
9.823703e-01
9.823608e-01
9.823514e-01
9.823419e-01
9.823324e-01
9.823230e-01
9.823135e-01
9.823041e-01
9.822946e-01
9.822851e-01
9.822757e-01
9.822662e-01
9.822568e-01
9.822473e-01
9.822378e-01
9.822284e-01
9.822189e-01
9.822095e-01
9.822000e-01
9.821905e-01
9.821811e-01
9.821716e-01
9.821622e-01
9.821527e-01
9.821433e-01
9.821338e-01
9.821243e-01
9.821149e-01
9.821054e-01
9.820960e-01
9.820865e-01
9.820770e-01
9.820676e-01
9.820581e-01
9.820487e-01
9.820392e-01
9.820298e-01
9.820203e-01
9.820108e-01
9.820014e-01
9.819919e-01
9.819825e-01
9.819730e-01
9.819636e-01
9.819541e-01
9.819446e-01
9.819352e-01
9.819257e-01
9.819163e-01
9.819068e-01
9.818974e-01
9.818879e-01
9.818785e-01
9.818690e-01
9.818595e-01
9.818501e-01
9.818406e-01
9.818312e-01
9.818217e-01
9.818123e-01
9.818028e-01
9.817934e-01
9.817839e-01
9.817744e-01
9.817650e-01
9.817555e-01
9.817461e-01
9.817366e-01
9.817272e-01
9.817177e-01
9.817083e-01
9.816988e-01
9.816894e-01
9.816799e-01
9.816705e-01
9.816610e-01
9.816515e-01
9.816421e-01
9.816326e-01
9.816232e-01
9.816137e-01
9.816043e-01
9.815948e-01
9.815854e-01
9.815759e-01
9.815665e-01
9.815570e-01
9.815476e-01
9.815381e-01
9.815287e-01
9.815192e-01
9.815098e-01
9.815003e-01
9.814908e-01
9.814814e-01
9.814719e-01
9.814625e-01
9.814530e-01
9.814436e-01
9.814341e-01
9.814247e-01
9.814152e-01
9.814058e-01
9.813963e-01
9.813869e-01
9.813774e-01
9.813680e-01
9.813585e-01
9.813491e-01
9.813396e-01
9.813302e-01
9.813207e-01
9.813113e-01
9.813018e-01
9.812924e-01
9.812829e-01
9.812735e-01
9.812640e-01
9.812546e-01
9.812451e-01
9.812357e-01
9.812262e-01
9.812168e-01
9.812073e-01
9.811979e-01
9.811884e-01
9.811790e-01
9.811695e-01
9.811601e-01
9.811506e-01
9.811412e-01
9.811317e-01
9.811223e-01
9.811128e-01
9.811034e-01
9.810939e-01
9.810845e-01
9.810751e-01
9.810656e-01
9.810562e-01
9.810467e-01
9.810373e-01
9.810278e-01
9.810184e-01
9.810089e-01
9.809995e-01
9.809900e-01
9.809806e-01
9.809711e-01
9.809617e-01
9.809522e-01
9.809428e-01
9.809333e-01
9.809239e-01
9.809144e-01
9.809050e-01
9.808956e-01
9.808861e-01
9.808767e-01
9.808672e-01
9.808578e-01
9.808483e-01
9.808389e-01
9.808294e-01
9.808200e-01
9.808105e-01
9.808011e-01
9.807917e-01
9.807822e-01
9.807728e-01
9.807633e-01
9.807539e-01
9.807444e-01
9.807350e-01
9.807255e-01
9.807161e-01
9.807067e-01
9.806972e-01
9.806878e-01
9.806783e-01
9.806689e-01
9.806594e-01
9.806500e-01
9.806405e-01
9.806311e-01
9.806217e-01
9.806122e-01
9.806028e-01
9.805933e-01
9.805839e-01
9.805744e-01
9.805650e-01
9.805556e-01
9.805461e-01
9.805367e-01
9.805272e-01
9.805178e-01
9.805083e-01
9.804989e-01
9.804895e-01
9.804800e-01
9.804706e-01
9.804611e-01
9.804517e-01
9.804422e-01
9.804328e-01
9.804234e-01
9.804139e-01
9.804045e-01
9.803950e-01
9.803856e-01
9.803762e-01
9.803667e-01
9.803573e-01
9.803478e-01
9.803384e-01
9.803289e-01
9.803195e-01
9.803101e-01
9.803006e-01
9.802912e-01
9.802817e-01
9.802723e-01
9.802629e-01
9.802534e-01
9.802440e-01
9.802345e-01
9.802251e-01
9.802157e-01
9.802062e-01
9.801968e-01
9.801873e-01
9.801779e-01
9.801685e-01
9.801590e-01
9.801496e-01
9.801402e-01
9.801307e-01
9.801213e-01
9.801118e-01
9.801024e-01
9.800930e-01
9.800835e-01
9.800741e-01
9.800646e-01
9.800552e-01
9.800458e-01
9.800363e-01
9.800269e-01
9.800175e-01
9.800080e-01
9.799986e-01
9.799891e-01
9.799797e-01
9.799703e-01
9.799608e-01
9.799514e-01
9.799420e-01
9.799325e-01
9.799231e-01
9.799136e-01
9.799042e-01
9.798948e-01
9.798853e-01
9.798759e-01
9.798665e-01
9.798570e-01
9.798476e-01
9.798382e-01
9.798287e-01
9.798193e-01
9.798098e-01
9.798004e-01
9.797910e-01
9.797815e-01
9.797721e-01
9.797627e-01
9.797532e-01
9.797438e-01
9.797344e-01
9.797249e-01
9.797155e-01
9.797061e-01
9.796966e-01
9.796872e-01
9.796778e-01
9.796683e-01
9.796589e-01
9.796494e-01
9.796400e-01
9.796306e-01
9.796211e-01
9.796117e-01
9.796023e-01
9.795928e-01
9.795834e-01
9.795740e-01
9.795645e-01
9.795551e-01
9.795457e-01
9.795362e-01
9.795268e-01
9.795174e-01
9.795079e-01
9.794985e-01
9.794891e-01
9.794796e-01
9.794702e-01
9.794608e-01
9.794513e-01
9.794419e-01
9.794325e-01
9.794231e-01
9.794136e-01
9.794042e-01
9.793948e-01
9.793853e-01
9.793759e-01
9.793665e-01
9.793570e-01
9.793476e-01
9.793382e-01
9.793287e-01
9.793193e-01
9.793099e-01
9.793004e-01
9.792910e-01
9.792816e-01
9.792722e-01
9.792627e-01
9.792533e-01
9.792439e-01
9.792344e-01
9.792250e-01
9.792156e-01
9.792061e-01
9.791967e-01
9.791873e-01
9.791779e-01
9.791684e-01
9.791590e-01
9.791496e-01
9.791401e-01
9.791307e-01
9.791213e-01
9.791118e-01
9.791024e-01
9.790930e-01
9.790836e-01
9.790741e-01
9.790647e-01
9.790553e-01
9.790458e-01
9.790364e-01
9.790270e-01
9.790176e-01
9.790081e-01
9.789987e-01
9.789893e-01
9.789798e-01
9.789704e-01
9.789610e-01
9.789516e-01
9.789421e-01
9.789327e-01
9.789233e-01
9.789139e-01
9.789044e-01
9.788950e-01
9.788856e-01
9.788761e-01
9.788667e-01
9.788573e-01
9.788479e-01
9.788384e-01
9.788290e-01
9.788196e-01
9.788102e-01
9.788007e-01
9.787913e-01
9.787819e-01
9.787725e-01
9.787630e-01
9.787536e-01
9.787442e-01
9.787348e-01
9.787253e-01
9.787159e-01
9.787065e-01
9.786971e-01
9.786876e-01
9.786782e-01
9.786688e-01
9.786594e-01
9.786499e-01
9.786405e-01
9.786311e-01
9.786217e-01
9.786122e-01
9.786028e-01
9.785934e-01
9.785840e-01
9.785745e-01
9.785651e-01
9.785557e-01
9.785463e-01
9.785368e-01
9.785274e-01
9.785180e-01
9.785086e-01
9.784991e-01
9.784897e-01
9.784803e-01
9.784709e-01
9.784615e-01
9.784520e-01
9.784426e-01
9.784332e-01
9.784238e-01
9.784143e-01
9.784049e-01
9.783955e-01
9.783861e-01
9.783767e-01
9.783672e-01
9.783578e-01
9.783484e-01
9.783390e-01
9.783295e-01
9.783201e-01
9.783107e-01
9.783013e-01
9.782919e-01
9.782824e-01
9.782730e-01
9.782636e-01
9.782542e-01
9.782448e-01
9.782353e-01
9.782259e-01
9.782165e-01
9.782071e-01
9.781977e-01
9.781882e-01
9.781788e-01
9.781694e-01
9.781600e-01
9.781506e-01
9.781411e-01
9.781317e-01
9.781223e-01
9.781129e-01
9.781035e-01
9.780940e-01
9.780846e-01
9.780752e-01
9.780658e-01
9.780564e-01
9.780469e-01
9.780375e-01
9.780281e-01
9.780187e-01
9.780093e-01
9.779998e-01
9.779904e-01
9.779810e-01
9.779716e-01
9.779622e-01
9.779528e-01
9.779433e-01
9.779339e-01
9.779245e-01
9.779151e-01
9.779057e-01
9.778963e-01
9.778868e-01
9.778774e-01
9.778680e-01
9.778586e-01
9.778492e-01
9.778398e-01
9.778303e-01
9.778209e-01
9.778115e-01
9.778021e-01
9.777927e-01
9.777833e-01
9.777738e-01
9.777644e-01
9.777550e-01
9.777456e-01
9.777362e-01
9.777268e-01
9.777173e-01
9.777079e-01
9.776985e-01
9.776891e-01
9.776797e-01
9.776703e-01
9.776608e-01
9.776514e-01
9.776420e-01
9.776326e-01
9.776232e-01
9.776138e-01
9.776044e-01
9.775949e-01
9.775855e-01
9.775761e-01
9.775667e-01
9.775573e-01
9.775479e-01
9.775385e-01
9.775290e-01
9.775196e-01
9.775102e-01
9.775008e-01
9.774914e-01
9.774820e-01
9.774726e-01
9.774632e-01
9.774537e-01
9.774443e-01
9.774349e-01
9.774255e-01
9.774161e-01
9.774067e-01
9.773973e-01
9.773878e-01
9.773784e-01
9.773690e-01
9.773596e-01
9.773502e-01
9.773408e-01
9.773314e-01
9.773220e-01
9.773126e-01
9.773031e-01
9.772937e-01
9.772843e-01
9.772749e-01
9.772655e-01
9.772561e-01
9.772467e-01
9.772373e-01
9.772279e-01
9.772184e-01
9.772090e-01
9.771996e-01
9.771902e-01
9.771808e-01
9.771714e-01
9.771620e-01
9.771526e-01
9.771432e-01
9.771337e-01
9.771243e-01
9.771149e-01
9.771055e-01
9.770961e-01
9.770867e-01
9.770773e-01
9.770679e-01
9.770585e-01
9.770491e-01
9.770397e-01
9.770302e-01
9.770208e-01
9.770114e-01
9.770020e-01
9.769926e-01
9.769832e-01
9.769738e-01
9.769644e-01
9.769550e-01
9.769456e-01
9.769362e-01
9.769267e-01
9.769173e-01
9.769079e-01
9.768985e-01
9.768891e-01
9.768797e-01
9.768703e-01
9.768609e-01
9.768515e-01
9.768421e-01
9.768327e-01
9.768233e-01
9.768139e-01
9.768045e-01
9.767950e-01
9.767856e-01
9.767762e-01
9.767668e-01
9.767574e-01
9.767480e-01
9.767386e-01
9.767292e-01
9.767198e-01
9.767104e-01
9.767010e-01
9.766916e-01
9.766822e-01
9.766728e-01
9.766634e-01
9.766540e-01
9.766445e-01
9.766351e-01
9.766257e-01
9.766163e-01
9.766069e-01
9.765975e-01
9.765881e-01
9.765787e-01
9.765693e-01
9.765599e-01
9.765505e-01
9.765411e-01
9.765317e-01
9.765223e-01
9.765129e-01
9.765035e-01
9.764941e-01
9.764847e-01
9.764753e-01
9.764659e-01
9.764565e-01
9.764471e-01
9.764377e-01
9.764283e-01
9.764188e-01
9.764094e-01
9.764000e-01
9.763906e-01
9.763812e-01
9.763718e-01
9.763624e-01
9.763530e-01
9.763436e-01
9.763342e-01
9.763248e-01
9.763154e-01
9.763060e-01
9.762966e-01
9.762872e-01
9.762778e-01
9.762684e-01
9.762590e-01
9.762496e-01
9.762402e-01
9.762308e-01
9.762214e-01
9.762120e-01
9.762026e-01
9.761932e-01
9.761838e-01
9.761744e-01
9.761650e-01
9.761556e-01
9.761462e-01
9.761368e-01
9.761274e-01
9.761180e-01
9.761086e-01
9.760992e-01
9.760898e-01
9.760804e-01
9.760710e-01
9.760616e-01
9.760522e-01
9.760428e-01
9.760334e-01
9.760240e-01
9.760146e-01
9.760052e-01
9.759958e-01
9.759864e-01
9.759770e-01
9.759676e-01
9.759582e-01
9.759488e-01
9.759394e-01
9.759300e-01
9.759206e-01
9.759112e-01
9.759018e-01
9.758924e-01
9.758830e-01
9.758736e-01
9.758642e-01
9.758548e-01
9.758454e-01
9.758360e-01
9.758266e-01
9.758172e-01
9.758078e-01
9.757984e-01
9.757890e-01
9.757796e-01
9.757702e-01
9.757609e-01
9.757515e-01
9.757421e-01
9.757327e-01
9.757233e-01
9.757139e-01
9.757045e-01
9.756951e-01
9.756857e-01
9.756763e-01
9.756669e-01
9.756575e-01
9.756481e-01
9.756387e-01
9.756293e-01
9.756199e-01
9.756105e-01
9.756011e-01
9.755917e-01
9.755823e-01
9.755729e-01
9.755635e-01
9.755541e-01
9.755448e-01
9.755354e-01
9.755260e-01
9.755166e-01
9.755072e-01
9.754978e-01
9.754884e-01
9.754790e-01
9.754696e-01
9.754602e-01
9.754508e-01
9.754414e-01
9.754320e-01
9.754226e-01
9.754132e-01
9.754038e-01
9.753944e-01
9.753851e-01
9.753757e-01
9.753663e-01
9.753569e-01
9.753475e-01
9.753381e-01
9.753287e-01
9.753193e-01
9.753099e-01
9.753005e-01
9.752911e-01
9.752817e-01
9.752723e-01
9.752630e-01
9.752536e-01
9.752442e-01
9.752348e-01
9.752254e-01
9.752160e-01
9.752066e-01
9.751972e-01
9.751878e-01
9.751784e-01
9.751690e-01
9.751596e-01
9.751503e-01
9.751409e-01
9.751315e-01
9.751221e-01
9.751127e-01
9.751033e-01
9.750939e-01
9.750845e-01
9.750751e-01
9.750657e-01
9.750563e-01
9.750470e-01
9.750376e-01
9.750282e-01
9.750188e-01
9.750094e-01
9.750000e-01
9.749906e-01
9.749812e-01
9.749718e-01
9.749625e-01
9.749531e-01
9.749437e-01
9.749343e-01
9.749249e-01
9.749155e-01
9.749061e-01
9.748967e-01
9.748873e-01
9.748780e-01
9.748686e-01
9.748592e-01
9.748498e-01
9.748404e-01
9.748310e-01
9.748216e-01
9.748122e-01
9.748029e-01
9.747935e-01
9.747841e-01
9.747747e-01
9.747653e-01
9.747559e-01
9.747465e-01
9.747371e-01
9.747278e-01
9.747184e-01
9.747090e-01
9.746996e-01
9.746902e-01
9.746808e-01
9.746714e-01
9.746620e-01
9.746527e-01
9.746433e-01
9.746339e-01
9.746245e-01
9.746151e-01
9.746057e-01
9.745963e-01
9.745870e-01
9.745776e-01
9.745682e-01
9.745588e-01
9.745494e-01
9.745400e-01
9.745307e-01
9.745213e-01
9.745119e-01
9.745025e-01
9.744931e-01
9.744837e-01
9.744743e-01
9.744650e-01
9.744556e-01
9.744462e-01
9.744368e-01
9.744274e-01
9.744180e-01
9.744087e-01
9.743993e-01
9.743899e-01
9.743805e-01
9.743711e-01
9.743617e-01
9.743524e-01
9.743430e-01
9.743336e-01
9.743242e-01
9.743148e-01
9.743054e-01
9.742961e-01
9.742867e-01
9.742773e-01
9.742679e-01
9.742585e-01
9.742491e-01
9.742398e-01
9.742304e-01
9.742210e-01
9.742116e-01
9.742022e-01
9.741929e-01
9.741835e-01
9.741741e-01
9.741647e-01
9.741553e-01
9.741459e-01
9.741366e-01
9.741272e-01
9.741178e-01
9.741084e-01
9.740990e-01
9.740897e-01
9.740803e-01
9.740709e-01
9.740615e-01
9.740521e-01
9.740428e-01
9.740334e-01
9.740240e-01
9.740146e-01
9.740052e-01
9.739959e-01
9.739865e-01
9.739771e-01
9.739677e-01
9.739583e-01
9.739490e-01
9.739396e-01
9.739302e-01
9.739208e-01
9.739114e-01
9.739021e-01
9.738927e-01
9.738833e-01
9.738739e-01
9.738645e-01
9.738552e-01
9.738458e-01
9.738364e-01
9.738270e-01
9.738177e-01
9.738083e-01
9.737989e-01
9.737895e-01
9.737801e-01
9.737708e-01
9.737614e-01
9.737520e-01
9.737426e-01
9.737333e-01
9.737239e-01
9.737145e-01
9.737051e-01
9.736958e-01
9.736864e-01
9.736770e-01
9.736676e-01
9.736582e-01
9.736489e-01
9.736395e-01
9.736301e-01
9.736207e-01
9.736114e-01
9.736020e-01
9.735926e-01
9.735832e-01
9.735739e-01
9.735645e-01
9.735551e-01
9.735457e-01
9.735364e-01
9.735270e-01
9.735176e-01
9.735082e-01
9.734989e-01
9.734895e-01
9.734801e-01
9.734707e-01
9.734614e-01
9.734520e-01
9.734426e-01
9.734332e-01
9.734239e-01
9.734145e-01
9.734051e-01
9.733957e-01
9.733864e-01
9.733770e-01
9.733676e-01
9.733582e-01
9.733489e-01
9.733395e-01
9.733301e-01
9.733207e-01
9.733114e-01
9.733020e-01
9.732926e-01
9.732833e-01
9.732739e-01
9.732645e-01
9.732551e-01
9.732458e-01
9.732364e-01
9.732270e-01
9.732176e-01
9.732083e-01
9.731989e-01
9.731895e-01
9.731802e-01
9.731708e-01
9.731614e-01
9.731520e-01
9.731427e-01
9.731333e-01
9.731239e-01
9.731146e-01
9.731052e-01
9.730958e-01
9.730864e-01
9.730771e-01
9.730677e-01
9.730583e-01
9.730490e-01
9.730396e-01
9.730302e-01
9.730208e-01
9.730115e-01
9.730021e-01
9.729927e-01
9.729834e-01
9.729740e-01
9.729646e-01
9.729553e-01
9.729459e-01
9.729365e-01
9.729272e-01
9.729178e-01
9.729084e-01
9.728990e-01
9.728897e-01
9.728803e-01
9.728709e-01
9.728616e-01
9.728522e-01
9.728428e-01
9.728335e-01
9.728241e-01
9.728147e-01
9.728054e-01
9.727960e-01
9.727866e-01
9.727773e-01
9.727679e-01
9.727585e-01
9.727491e-01
9.727398e-01
9.727304e-01
9.727210e-01
9.727117e-01
9.727023e-01
9.726929e-01
9.726836e-01
9.726742e-01
9.726648e-01
9.726555e-01
9.726461e-01
9.726367e-01
9.726274e-01
9.726180e-01
9.726086e-01
9.725993e-01
9.725899e-01
9.725805e-01
9.725712e-01
9.725618e-01
9.725524e-01
9.725431e-01
9.725337e-01
9.725243e-01
9.725150e-01
9.725056e-01
9.724962e-01
9.724869e-01
9.724775e-01
9.724682e-01
9.724588e-01
9.724494e-01
9.724401e-01
9.724307e-01
9.724213e-01
9.724120e-01
9.724026e-01
9.723932e-01
9.723839e-01
9.723745e-01
9.723651e-01
9.723558e-01
9.723464e-01
9.723371e-01
9.723277e-01
9.723183e-01
9.723090e-01
9.722996e-01
9.722902e-01
9.722809e-01
9.722715e-01
9.722621e-01
9.722528e-01
9.722434e-01
9.722341e-01
9.722247e-01
9.722153e-01
9.722060e-01
9.721966e-01
9.721872e-01
9.721779e-01
9.721685e-01
9.721592e-01
9.721498e-01
9.721404e-01
9.721311e-01
9.721217e-01
9.721123e-01
9.721030e-01
9.720936e-01
9.720843e-01
9.720749e-01
9.720655e-01
9.720562e-01
9.720468e-01
9.720375e-01
9.720281e-01
9.720187e-01
9.720094e-01
9.720000e-01
9.719907e-01
9.719813e-01
9.719719e-01
9.719626e-01
9.719532e-01
9.719439e-01
9.719345e-01
9.719251e-01
9.719158e-01
9.719064e-01
9.718971e-01
9.718877e-01
9.718783e-01
9.718690e-01
9.718596e-01
9.718503e-01
9.718409e-01
9.718315e-01
9.718222e-01
9.718128e-01
9.718035e-01
9.717941e-01
9.717847e-01
9.717754e-01
9.717660e-01
9.717567e-01
9.717473e-01
9.717380e-01
9.717286e-01
9.717192e-01
9.717099e-01
9.717005e-01
9.716912e-01
9.716818e-01
9.716724e-01
9.716631e-01
9.716537e-01
9.716444e-01
9.716350e-01
9.716257e-01
9.716163e-01
9.716069e-01
9.715976e-01
9.715882e-01
9.715789e-01
9.715695e-01
9.715602e-01
9.715508e-01
9.715415e-01
9.715321e-01
9.715227e-01
9.715134e-01
9.715040e-01
9.714947e-01
9.714853e-01
9.714760e-01
9.714666e-01
9.714573e-01
9.714479e-01
9.714385e-01
9.714292e-01
9.714198e-01
9.714105e-01
9.714011e-01
9.713918e-01
9.713824e-01
9.713731e-01
9.713637e-01
9.713543e-01
9.713450e-01
9.713356e-01
9.713263e-01
9.713169e-01
9.713076e-01
9.712982e-01
9.712889e-01
9.712795e-01
9.712702e-01
9.712608e-01
9.712515e-01
9.712421e-01
9.712328e-01
9.712234e-01
9.712140e-01
9.712047e-01
9.711953e-01
9.711860e-01
9.711766e-01
9.711673e-01
9.711579e-01
9.711486e-01
9.711392e-01
9.711299e-01
9.711205e-01
9.711112e-01
9.711018e-01
9.710925e-01
9.710831e-01
9.710738e-01
9.710644e-01
9.710551e-01
9.710457e-01
9.710364e-01
9.710270e-01
9.710177e-01
9.710083e-01
9.709989e-01
9.709896e-01
9.709802e-01
9.709709e-01
9.709615e-01
9.709522e-01
9.709428e-01
9.709335e-01
9.709241e-01
9.709148e-01
9.709054e-01
9.708961e-01
9.708867e-01
9.708774e-01
9.708680e-01
9.708587e-01
9.708493e-01
9.708400e-01
9.708306e-01
9.708213e-01
9.708119e-01
9.708026e-01
9.707933e-01
9.707839e-01
9.707746e-01
9.707652e-01
9.707559e-01
9.707465e-01
9.707372e-01
9.707278e-01
9.707185e-01
9.707091e-01
9.706998e-01
9.706904e-01
9.706811e-01
9.706717e-01
9.706624e-01
9.706530e-01
9.706437e-01
9.706343e-01
9.706250e-01
9.706156e-01
9.706063e-01
9.705969e-01
9.705876e-01
9.705782e-01
9.705689e-01
9.705596e-01
9.705502e-01
9.705409e-01
9.705315e-01
9.705222e-01
9.705128e-01
9.705035e-01
9.704941e-01
9.704848e-01
9.704754e-01
9.704661e-01
9.704567e-01
9.704474e-01
9.704381e-01
9.704287e-01
9.704194e-01
9.704100e-01
9.704007e-01
9.703913e-01
9.703820e-01
9.703726e-01
9.703633e-01
9.703540e-01
9.703446e-01
9.703353e-01
9.703259e-01
9.703166e-01
9.703072e-01
9.702979e-01
9.702885e-01
9.702792e-01
9.702699e-01
9.702605e-01
9.702512e-01
9.702418e-01
9.702325e-01
9.702231e-01
9.702138e-01
9.702044e-01
9.701951e-01
9.701858e-01
9.701764e-01
9.701671e-01
9.701577e-01
9.701484e-01
9.701390e-01
9.701297e-01
9.701204e-01
9.701110e-01
9.701017e-01
9.700923e-01
9.700830e-01
9.700737e-01
9.700643e-01
9.700550e-01
9.700456e-01
9.700363e-01
9.700269e-01
9.700176e-01
9.700083e-01
9.699989e-01
9.699896e-01
9.699802e-01
9.699709e-01
9.699616e-01
9.699522e-01
9.699429e-01
9.699335e-01
9.699242e-01
9.699148e-01
9.699055e-01
9.698962e-01
9.698868e-01
9.698775e-01
9.698681e-01
9.698588e-01
9.698495e-01
9.698401e-01
9.698308e-01
9.698214e-01
9.698121e-01
9.698028e-01
9.697934e-01
9.697841e-01
9.697748e-01
9.697654e-01
9.697561e-01
9.697467e-01
9.697374e-01
9.697281e-01
9.697187e-01
9.697094e-01
9.697000e-01
9.696907e-01
9.696814e-01
9.696720e-01
9.696627e-01
9.696534e-01
9.696440e-01
9.696347e-01
9.696253e-01
9.696160e-01
9.696067e-01
9.695973e-01
9.695880e-01
9.695787e-01
9.695693e-01
9.695600e-01
9.695506e-01
9.695413e-01
9.695320e-01
9.695226e-01
9.695133e-01
9.695040e-01
9.694946e-01
9.694853e-01
9.694759e-01
9.694666e-01
9.694573e-01
9.694479e-01
9.694386e-01
9.694293e-01
9.694199e-01
9.694106e-01
9.694013e-01
9.693919e-01
9.693826e-01
9.693733e-01
9.693639e-01
9.693546e-01
9.693452e-01
9.693359e-01
9.693266e-01
9.693172e-01
9.693079e-01
9.692986e-01
9.692892e-01
9.692799e-01
9.692706e-01
9.692612e-01
9.692519e-01
9.692426e-01
9.692332e-01
9.692239e-01
9.692146e-01
9.692052e-01
9.691959e-01
9.691866e-01
9.691772e-01
9.691679e-01
9.691586e-01
9.691492e-01
9.691399e-01
9.691306e-01
9.691212e-01
9.691119e-01
9.691026e-01
9.690932e-01
9.690839e-01
9.690746e-01
9.690652e-01
9.690559e-01
9.690466e-01
9.690372e-01
9.690279e-01
9.690186e-01
9.690092e-01
9.689999e-01
9.689906e-01
9.689813e-01
9.689719e-01
9.689626e-01
9.689533e-01
9.689439e-01
9.689346e-01
9.689253e-01
9.689159e-01
9.689066e-01
9.688973e-01
9.688879e-01
9.688786e-01
9.688693e-01
9.688599e-01
9.688506e-01
9.688413e-01
9.688320e-01
9.688226e-01
9.688133e-01
9.688040e-01
9.687946e-01
9.687853e-01
9.687760e-01
9.687667e-01
9.687573e-01
9.687480e-01
9.687387e-01
9.687293e-01
9.687200e-01
9.687107e-01
9.687013e-01
9.686920e-01
9.686827e-01
9.686734e-01
9.686640e-01
9.686547e-01
9.686454e-01
9.686360e-01
9.686267e-01
9.686174e-01
9.686081e-01
9.685987e-01
9.685894e-01
9.685801e-01
9.685708e-01
9.685614e-01
9.685521e-01
9.685428e-01
9.685334e-01
9.685241e-01
9.685148e-01
9.685055e-01
9.684961e-01
9.684868e-01
9.684775e-01
9.684682e-01
9.684588e-01
9.684495e-01
9.684402e-01
9.684309e-01
9.684215e-01
9.684122e-01
9.684029e-01
9.683935e-01
9.683842e-01
9.683749e-01
9.683656e-01
9.683562e-01
9.683469e-01
9.683376e-01
9.683283e-01
9.683189e-01
9.683096e-01
9.683003e-01
9.682910e-01
9.682816e-01
9.682723e-01
9.682630e-01
9.682537e-01
9.682443e-01
9.682350e-01
9.682257e-01
9.682164e-01
9.682070e-01
9.681977e-01
9.681884e-01
9.681791e-01
9.681698e-01
9.681604e-01
9.681511e-01
9.681418e-01
9.681325e-01
9.681231e-01
9.681138e-01
9.681045e-01
9.680952e-01
9.680858e-01
9.680765e-01
9.680672e-01
9.680579e-01
9.680486e-01
9.680392e-01
9.680299e-01
9.680206e-01
9.680113e-01
9.680019e-01
9.679926e-01
9.679833e-01
9.679740e-01
9.679647e-01
9.679553e-01
9.679460e-01
9.679367e-01
9.679274e-01
9.679180e-01
9.679087e-01
9.678994e-01
9.678901e-01
9.678808e-01
9.678714e-01
9.678621e-01
9.678528e-01
9.678435e-01
9.678342e-01
9.678248e-01
9.678155e-01
9.678062e-01
9.677969e-01
9.677876e-01
9.677782e-01
9.677689e-01
9.677596e-01
9.677503e-01
9.677410e-01
9.677316e-01
9.677223e-01
9.677130e-01
9.677037e-01
9.676944e-01
9.676850e-01
9.676757e-01
9.676664e-01
9.676571e-01
9.676478e-01
9.676384e-01
9.676291e-01
9.676198e-01
9.676105e-01
9.676012e-01
9.675919e-01
9.675825e-01
9.675732e-01
9.675639e-01
9.675546e-01
9.675453e-01
9.675360e-01
9.675266e-01
9.675173e-01
9.675080e-01
9.674987e-01
9.674894e-01
9.674800e-01
9.674707e-01
9.674614e-01
9.674521e-01
9.674428e-01
9.674335e-01
9.674241e-01
9.674148e-01
9.674055e-01
9.673962e-01
9.673869e-01
9.673776e-01
9.673682e-01
9.673589e-01
9.673496e-01
9.673403e-01
9.673310e-01
9.673217e-01
9.673124e-01
9.673030e-01
9.672937e-01
9.672844e-01
9.672751e-01
9.672658e-01
9.672565e-01
9.672471e-01
9.672378e-01
9.672285e-01
9.672192e-01
9.672099e-01
9.672006e-01
9.671913e-01
9.671819e-01
9.671726e-01
9.671633e-01
9.671540e-01
9.671447e-01
9.671354e-01
9.671261e-01
9.671168e-01
9.671074e-01
9.670981e-01
9.670888e-01
9.670795e-01
9.670702e-01
9.670609e-01
9.670516e-01
9.670422e-01
9.670329e-01
9.670236e-01
9.670143e-01
9.670050e-01
9.669957e-01
9.669864e-01
9.669771e-01
9.669677e-01
9.669584e-01
9.669491e-01
9.669398e-01
9.669305e-01
9.669212e-01
9.669119e-01
9.669026e-01
9.668933e-01
9.668839e-01
9.668746e-01
9.668653e-01
9.668560e-01
9.668467e-01
9.668374e-01
9.668281e-01
9.668188e-01
9.668095e-01
9.668001e-01
9.667908e-01
9.667815e-01
9.667722e-01
9.667629e-01
9.667536e-01
9.667443e-01
9.667350e-01
9.667257e-01
9.667164e-01
9.667070e-01
9.666977e-01
9.666884e-01
9.666791e-01
9.666698e-01
9.666605e-01
9.666512e-01
9.666419e-01
9.666326e-01
9.666233e-01
9.666140e-01
9.666046e-01
9.665953e-01
9.665860e-01
9.665767e-01
9.665674e-01
9.665581e-01
9.665488e-01
9.665395e-01
9.665302e-01
9.665209e-01
9.665116e-01
9.665023e-01
9.664929e-01
9.664836e-01
9.664743e-01
9.664650e-01
9.664557e-01
9.664464e-01
9.664371e-01
9.664278e-01
9.664185e-01
9.664092e-01
9.663999e-01
9.663906e-01
9.663813e-01
9.663720e-01
9.663626e-01
9.663533e-01
9.663440e-01
9.663347e-01
9.663254e-01
9.663161e-01
9.663068e-01
9.662975e-01
9.662882e-01
9.662789e-01
9.662696e-01
9.662603e-01
9.662510e-01
9.662417e-01
9.662324e-01
9.662231e-01
9.662138e-01
9.662045e-01
9.661952e-01
9.661858e-01
9.661765e-01
9.661672e-01
9.661579e-01
9.661486e-01
9.661393e-01
9.661300e-01
9.661207e-01
9.661114e-01
9.661021e-01
9.660928e-01
9.660835e-01
9.660742e-01
9.660649e-01
9.660556e-01
9.660463e-01
9.660370e-01
9.660277e-01
9.660184e-01
9.660091e-01
9.659998e-01
9.659905e-01
9.659812e-01
9.659719e-01
9.659626e-01
9.659533e-01
9.659440e-01
9.659347e-01
9.659254e-01
9.659161e-01
9.659068e-01
9.658974e-01
9.658881e-01
9.658788e-01
9.658695e-01
9.658602e-01
9.658509e-01
9.658416e-01
9.658323e-01
9.658230e-01
9.658137e-01
9.658044e-01
9.657951e-01
9.657858e-01
9.657765e-01
9.657672e-01
9.657579e-01
9.657486e-01
9.657393e-01
9.657300e-01
9.657207e-01
9.657114e-01
9.657021e-01
9.656928e-01
9.656835e-01
9.656742e-01
9.656649e-01
9.656556e-01
9.656463e-01
9.656370e-01
9.656277e-01
9.656184e-01
9.656091e-01
9.655998e-01
9.655905e-01
9.655812e-01
9.655719e-01
9.655626e-01
9.655533e-01
9.655440e-01
9.655347e-01
9.655254e-01
9.655162e-01
9.655069e-01
9.654976e-01
9.654883e-01
9.654790e-01
9.654697e-01
9.654604e-01
9.654511e-01
9.654418e-01
9.654325e-01
9.654232e-01
9.654139e-01
9.654046e-01
9.653953e-01
9.653860e-01
9.653767e-01
9.653674e-01
9.653581e-01
9.653488e-01
9.653395e-01
9.653302e-01
9.653209e-01
9.653116e-01
9.653023e-01
9.652930e-01
9.652837e-01
9.652744e-01
9.652651e-01
9.652558e-01
9.652465e-01
9.652372e-01
9.652280e-01
9.652187e-01
9.652094e-01
9.652001e-01
9.651908e-01
9.651815e-01
9.651722e-01
9.651629e-01
9.651536e-01
9.651443e-01
9.651350e-01
9.651257e-01
9.651164e-01
9.651071e-01
9.650978e-01
9.650885e-01
9.650792e-01
9.650699e-01
9.650607e-01
9.650514e-01
9.650421e-01
9.650328e-01
9.650235e-01
9.650142e-01
9.650049e-01
9.649956e-01
9.649863e-01
9.649770e-01
9.649677e-01
9.649584e-01
9.649491e-01
9.649398e-01
9.649305e-01
9.649213e-01
9.649120e-01
9.649027e-01
9.648934e-01
9.648841e-01
9.648748e-01
9.648655e-01
9.648562e-01
9.648469e-01
9.648376e-01
9.648283e-01
9.648190e-01
9.648098e-01
9.648005e-01
9.647912e-01
9.647819e-01
9.647726e-01
9.647633e-01
9.647540e-01
9.647447e-01
9.647354e-01
9.647261e-01
9.647168e-01
9.647076e-01
9.646983e-01
9.646890e-01
9.646797e-01
9.646704e-01
9.646611e-01
9.646518e-01
9.646425e-01
9.646332e-01
9.646239e-01
9.646147e-01
9.646054e-01
9.645961e-01
9.645868e-01
9.645775e-01
9.645682e-01
9.645589e-01
9.645496e-01
9.645403e-01
9.645311e-01
9.645218e-01
9.645125e-01
9.645032e-01
9.644939e-01
9.644846e-01
9.644753e-01
9.644660e-01
9.644567e-01
9.644475e-01
9.644382e-01
9.644289e-01
9.644196e-01
9.644103e-01
9.644010e-01
9.643917e-01
9.643824e-01
9.643732e-01
9.643639e-01
9.643546e-01
9.643453e-01
9.643360e-01
9.643267e-01
9.643174e-01
9.643082e-01
9.642989e-01
9.642896e-01
9.642803e-01
9.642710e-01
9.642617e-01
9.642524e-01
9.642431e-01
9.642339e-01
9.642246e-01
9.642153e-01
9.642060e-01
9.641967e-01
9.641874e-01
9.641781e-01
9.641689e-01
9.641596e-01
9.641503e-01
9.641410e-01
9.641317e-01
9.641224e-01
9.641132e-01
9.641039e-01
9.640946e-01
9.640853e-01
9.640760e-01
9.640667e-01
9.640574e-01
9.640482e-01
9.640389e-01
9.640296e-01
9.640203e-01
9.640110e-01
9.640017e-01
9.639925e-01
9.639832e-01
9.639739e-01
9.639646e-01
9.639553e-01
9.639460e-01
9.639368e-01
9.639275e-01
9.639182e-01
9.639089e-01
9.638996e-01
9.638904e-01
9.638811e-01
9.638718e-01
9.638625e-01
9.638532e-01
9.638439e-01
9.638347e-01
9.638254e-01
9.638161e-01
9.638068e-01
9.637975e-01
9.637882e-01
9.637790e-01
9.637697e-01
9.637604e-01
9.637511e-01
9.637418e-01
9.637326e-01
9.637233e-01
9.637140e-01
9.637047e-01
9.636954e-01
9.636862e-01
9.636769e-01
9.636676e-01
9.636583e-01
9.636490e-01
9.636398e-01
9.636305e-01
9.636212e-01
9.636119e-01
9.636026e-01
9.635934e-01
9.635841e-01
9.635748e-01
9.635655e-01
9.635562e-01
9.635470e-01
9.635377e-01
9.635284e-01
9.635191e-01
9.635098e-01
9.635006e-01
9.634913e-01
9.634820e-01
9.634727e-01
9.634635e-01
9.634542e-01
9.634449e-01
9.634356e-01
9.634263e-01
9.634171e-01
9.634078e-01
9.633985e-01
9.633892e-01
9.633800e-01
9.633707e-01
9.633614e-01
9.633521e-01
9.633428e-01
9.633336e-01
9.633243e-01
9.633150e-01
9.633057e-01
9.632965e-01
9.632872e-01
9.632779e-01
9.632686e-01
9.632594e-01
9.632501e-01
9.632408e-01
9.632315e-01
9.632222e-01
9.632130e-01
9.632037e-01
9.631944e-01
9.631851e-01
9.631759e-01
9.631666e-01
9.631573e-01
9.631480e-01
9.631388e-01
9.631295e-01
9.631202e-01
9.631109e-01
9.631017e-01
9.630924e-01
9.630831e-01
9.630738e-01
9.630646e-01
9.630553e-01
9.630460e-01
9.630367e-01
9.630275e-01
9.630182e-01
9.630089e-01
9.629996e-01
9.629904e-01
9.629811e-01
9.629718e-01
9.629626e-01
9.629533e-01
9.629440e-01
9.629347e-01
9.629255e-01
9.629162e-01
9.629069e-01
9.628976e-01
9.628884e-01
9.628791e-01
9.628698e-01
9.628605e-01
9.628513e-01
9.628420e-01
9.628327e-01
9.628235e-01
9.628142e-01
9.628049e-01
9.627956e-01
9.627864e-01
9.627771e-01
9.627678e-01
9.627586e-01
9.627493e-01
9.627400e-01
9.627307e-01
9.627215e-01
9.627122e-01
9.627029e-01
9.626937e-01
9.626844e-01
9.626751e-01
9.626658e-01
9.626566e-01
9.626473e-01
9.626380e-01
9.626288e-01
9.626195e-01
9.626102e-01
9.626010e-01
9.625917e-01
9.625824e-01
9.625731e-01
9.625639e-01
9.625546e-01
9.625453e-01
9.625361e-01
9.625268e-01
9.625175e-01
9.625083e-01
9.624990e-01
9.624897e-01
9.624804e-01
9.624712e-01
9.624619e-01
9.624526e-01
9.624434e-01
9.624341e-01
9.624248e-01
9.624156e-01
9.624063e-01
9.623970e-01
9.623878e-01
9.623785e-01
9.623692e-01
9.623600e-01
9.623507e-01
9.623414e-01
9.623322e-01
9.623229e-01
9.623136e-01
9.623044e-01
9.622951e-01
9.622858e-01
9.622766e-01
9.622673e-01
9.622580e-01
9.622488e-01
9.622395e-01
9.622302e-01
9.622210e-01
9.622117e-01
9.622024e-01
9.621932e-01
9.621839e-01
9.621746e-01
9.621654e-01
9.621561e-01
9.621468e-01
9.621376e-01
9.621283e-01
9.621190e-01
9.621098e-01
9.621005e-01
9.620912e-01
9.620820e-01
9.620727e-01
9.620634e-01
9.620542e-01
9.620449e-01
9.620356e-01
9.620264e-01
9.620171e-01
9.620079e-01
9.619986e-01
9.619893e-01
9.619801e-01
9.619708e-01
9.619615e-01
9.619523e-01
9.619430e-01
9.619337e-01
9.619245e-01
9.619152e-01
9.619060e-01
9.618967e-01
9.618874e-01
9.618782e-01
9.618689e-01
9.618596e-01
9.618504e-01
9.618411e-01
9.618318e-01
9.618226e-01
9.618133e-01
9.618041e-01
9.617948e-01
9.617855e-01
9.617763e-01
9.617670e-01
9.617577e-01
9.617485e-01
9.617392e-01
9.617300e-01
9.617207e-01
9.617114e-01
9.617022e-01
9.616929e-01
9.616837e-01
9.616744e-01
9.616651e-01
9.616559e-01
9.616466e-01
9.616374e-01
9.616281e-01
9.616188e-01
9.616096e-01
9.616003e-01
9.615910e-01
9.615818e-01
9.615725e-01
9.615633e-01
9.615540e-01
9.615447e-01
9.615355e-01
9.615262e-01
9.615170e-01
9.615077e-01
9.614984e-01
9.614892e-01
9.614799e-01
9.614707e-01
9.614614e-01
9.614522e-01
9.614429e-01
9.614336e-01
9.614244e-01
9.614151e-01
9.614059e-01
9.613966e-01
9.613873e-01
9.613781e-01
9.613688e-01
9.613596e-01
9.613503e-01
9.613411e-01
9.613318e-01
9.613225e-01
9.613133e-01
9.613040e-01
9.612948e-01
9.612855e-01
9.612762e-01
9.612670e-01
9.612577e-01
9.612485e-01
9.612392e-01
9.612300e-01
9.612207e-01
9.612115e-01
9.612022e-01
9.611929e-01
9.611837e-01
9.611744e-01
9.611652e-01
9.611559e-01
9.611467e-01
9.611374e-01
9.611281e-01
9.611189e-01
9.611096e-01
9.611004e-01
9.610911e-01
9.610819e-01
9.610726e-01
9.610634e-01
9.610541e-01
9.610448e-01
9.610356e-01
9.610263e-01
9.610171e-01
9.610078e-01
9.609986e-01
9.609893e-01
9.609801e-01
9.609708e-01
9.609616e-01
9.609523e-01
9.609430e-01
9.609338e-01
9.609245e-01
9.609153e-01
9.609060e-01
9.608968e-01
9.608875e-01
9.608783e-01
9.608690e-01
9.608598e-01
9.608505e-01
9.608413e-01
9.608320e-01
9.608227e-01
9.608135e-01
9.608042e-01
9.607950e-01
9.607857e-01
9.607765e-01
9.607672e-01
9.607580e-01
9.607487e-01
9.607395e-01
9.607302e-01
9.607210e-01
9.607117e-01
9.607025e-01
9.606932e-01
9.606840e-01
9.606747e-01
9.606655e-01
9.606562e-01
9.606470e-01
9.606377e-01
9.606285e-01
9.606192e-01
9.606100e-01
9.606007e-01
9.605915e-01
9.605822e-01
9.605730e-01
9.605637e-01
9.605545e-01
9.605452e-01
9.605360e-01
9.605267e-01
9.605175e-01
9.605082e-01
9.604990e-01
9.604897e-01
9.604805e-01
9.604712e-01
9.604620e-01
9.604527e-01
9.604435e-01
9.604342e-01
9.604250e-01
9.604157e-01
9.604065e-01
9.603972e-01
9.603880e-01
9.603787e-01
9.603695e-01
9.603602e-01
9.603510e-01
9.603417e-01
9.603325e-01
9.603232e-01
9.603140e-01
9.603047e-01
9.602955e-01
9.602862e-01
9.602770e-01
9.602677e-01
9.602585e-01
9.602492e-01
9.602400e-01
9.602307e-01
9.602215e-01
9.602123e-01
9.602030e-01
9.601938e-01
9.601845e-01
9.601753e-01
9.601660e-01
9.601568e-01
9.601475e-01
9.601383e-01
9.601290e-01
9.601198e-01
9.601105e-01
9.601013e-01
9.600920e-01
9.600828e-01
9.600736e-01
9.600643e-01
9.600551e-01
9.600458e-01
9.600366e-01
9.600273e-01
9.600181e-01
9.600088e-01
9.599996e-01
9.599903e-01
9.599811e-01
9.599719e-01
9.599626e-01
9.599534e-01
9.599441e-01
9.599349e-01
9.599256e-01
9.599164e-01
9.599071e-01
9.598979e-01
9.598887e-01
9.598794e-01
9.598702e-01
9.598609e-01
9.598517e-01
9.598424e-01
9.598332e-01
9.598240e-01
9.598147e-01
9.598055e-01
9.597962e-01
9.597870e-01
9.597777e-01
9.597685e-01
9.597593e-01
9.597500e-01
9.597408e-01
9.597315e-01
9.597223e-01
9.597130e-01
9.597038e-01
9.596946e-01
9.596853e-01
9.596761e-01
9.596668e-01
9.596576e-01
9.596483e-01
9.596391e-01
9.596299e-01
9.596206e-01
9.596114e-01
9.596021e-01
9.595929e-01
9.595837e-01
9.595744e-01
9.595652e-01
9.595559e-01
9.595467e-01
9.595375e-01
9.595282e-01
9.595190e-01
9.595097e-01
9.595005e-01
9.594913e-01
9.594820e-01
9.594728e-01
9.594635e-01
9.594543e-01
9.594451e-01
9.594358e-01
9.594266e-01
9.594173e-01
9.594081e-01
9.593989e-01
9.593896e-01
9.593804e-01
9.593711e-01
9.593619e-01
9.593527e-01
9.593434e-01
9.593342e-01
9.593249e-01
9.593157e-01
9.593065e-01
9.592972e-01
9.592880e-01
9.592788e-01
9.592695e-01
9.592603e-01
9.592510e-01
9.592418e-01
9.592326e-01
9.592233e-01
9.592141e-01
9.592049e-01
9.591956e-01
9.591864e-01
9.591771e-01
9.591679e-01
9.591587e-01
9.591494e-01
9.591402e-01
9.591310e-01
9.591217e-01
9.591125e-01
9.591032e-01
9.590940e-01
9.590848e-01
9.590755e-01
9.590663e-01
9.590571e-01
9.590478e-01
9.590386e-01
9.590294e-01
9.590201e-01
9.590109e-01
9.590017e-01
9.589924e-01
9.589832e-01
9.589739e-01
9.589647e-01
9.589555e-01
9.589462e-01
9.589370e-01
9.589278e-01
9.589185e-01
9.589093e-01
9.589001e-01
9.588908e-01
9.588816e-01
9.588724e-01
9.588631e-01
9.588539e-01
9.588447e-01
9.588354e-01
9.588262e-01
9.588170e-01
9.588077e-01
9.587985e-01
9.587893e-01
9.587800e-01
9.587708e-01
9.587616e-01
9.587523e-01
9.587431e-01
9.587339e-01
9.587246e-01
9.587154e-01
9.587062e-01
9.586969e-01
9.586877e-01
9.586785e-01
9.586692e-01
9.586600e-01
9.586508e-01
9.586415e-01
9.586323e-01
9.586231e-01
9.586138e-01
9.586046e-01
9.585954e-01
9.585862e-01
9.585769e-01
9.585677e-01
9.585585e-01
9.585492e-01
9.585400e-01
9.585308e-01
9.585215e-01
9.585123e-01
9.585031e-01
9.584938e-01
9.584846e-01
9.584754e-01
9.584662e-01
9.584569e-01
9.584477e-01
9.584385e-01
9.584292e-01
9.584200e-01
9.584108e-01
9.584015e-01
9.583923e-01
9.583831e-01
9.583739e-01
9.583646e-01
9.583554e-01
9.583462e-01
9.583369e-01
9.583277e-01
9.583185e-01
9.583092e-01
9.583000e-01
9.582908e-01
9.582816e-01
9.582723e-01
9.582631e-01
9.582539e-01
9.582447e-01
9.582354e-01
9.582262e-01
9.582170e-01
9.582077e-01
9.581985e-01
9.581893e-01
9.581801e-01
9.581708e-01
9.581616e-01
9.581524e-01
9.581431e-01
9.581339e-01
9.581247e-01
9.581155e-01
9.581062e-01
9.580970e-01
9.580878e-01
9.580786e-01
9.580693e-01
9.580601e-01
9.580509e-01
9.580417e-01
9.580324e-01
9.580232e-01
9.580140e-01
9.580048e-01
9.579955e-01
9.579863e-01
9.579771e-01
9.579678e-01
9.579586e-01
9.579494e-01
9.579402e-01
9.579309e-01
9.579217e-01
9.579125e-01
9.579033e-01
9.578940e-01
9.578848e-01
9.578756e-01
9.578664e-01
9.578571e-01
9.578479e-01
9.578387e-01
9.578295e-01
9.578203e-01
9.578110e-01
9.578018e-01
9.577926e-01
9.577834e-01
9.577741e-01
9.577649e-01
9.577557e-01
9.577465e-01
9.577372e-01
9.577280e-01
9.577188e-01
9.577096e-01
9.577003e-01
9.576911e-01
9.576819e-01
9.576727e-01
9.576635e-01
9.576542e-01
9.576450e-01
9.576358e-01
9.576266e-01
9.576173e-01
9.576081e-01
9.575989e-01
9.575897e-01
9.575805e-01
9.575712e-01
9.575620e-01
9.575528e-01
9.575436e-01
9.575344e-01
9.575251e-01
9.575159e-01
9.575067e-01
9.574975e-01
9.574882e-01
9.574790e-01
9.574698e-01
9.574606e-01
9.574514e-01
9.574421e-01
9.574329e-01
9.574237e-01
9.574145e-01
9.574053e-01
9.573960e-01
9.573868e-01
9.573776e-01
9.573684e-01
9.573592e-01
9.573499e-01
9.573407e-01
9.573315e-01
9.573223e-01
9.573131e-01
9.573038e-01
9.572946e-01
9.572854e-01
9.572762e-01
9.572670e-01
9.572578e-01
9.572485e-01
9.572393e-01
9.572301e-01
9.572209e-01
9.572117e-01
9.572024e-01
9.571932e-01
9.571840e-01
9.571748e-01
9.571656e-01
9.571564e-01
9.571471e-01
9.571379e-01
9.571287e-01
9.571195e-01
9.571103e-01
9.571011e-01
9.570918e-01
9.570826e-01
9.570734e-01
9.570642e-01
9.570550e-01
9.570457e-01
9.570365e-01
9.570273e-01
9.570181e-01
9.570089e-01
9.569997e-01
9.569905e-01
9.569812e-01
9.569720e-01
9.569628e-01
9.569536e-01
9.569444e-01
9.569352e-01
9.569259e-01
9.569167e-01
9.569075e-01
9.568983e-01
9.568891e-01
9.568799e-01
9.568707e-01
9.568614e-01
9.568522e-01
9.568430e-01
9.568338e-01
9.568246e-01
9.568154e-01
9.568061e-01
9.567969e-01
9.567877e-01
9.567785e-01
9.567693e-01
9.567601e-01
9.567509e-01
9.567417e-01
9.567324e-01
9.567232e-01
9.567140e-01
9.567048e-01
9.566956e-01
9.566864e-01
9.566772e-01
9.566679e-01
9.566587e-01
9.566495e-01
9.566403e-01
9.566311e-01
9.566219e-01
9.566127e-01
9.566035e-01
9.565942e-01
9.565850e-01
9.565758e-01
9.565666e-01
9.565574e-01
9.565482e-01
9.565390e-01
9.565298e-01
9.565206e-01
9.565113e-01
9.565021e-01
9.564929e-01
9.564837e-01
9.564745e-01
9.564653e-01
9.564561e-01
9.564469e-01
9.564377e-01
9.564284e-01
9.564192e-01
9.564100e-01
9.564008e-01
9.563916e-01
9.563824e-01
9.563732e-01
9.563640e-01
9.563548e-01
9.563455e-01
9.563363e-01
9.563271e-01
9.563179e-01
9.563087e-01
9.562995e-01
9.562903e-01
9.562811e-01
9.562719e-01
9.562627e-01
9.562535e-01
9.562442e-01
9.562350e-01
9.562258e-01
9.562166e-01
9.562074e-01
9.561982e-01
9.561890e-01
9.561798e-01
9.561706e-01
9.561614e-01
9.561522e-01
9.561430e-01
9.561337e-01
9.561245e-01
9.561153e-01
9.561061e-01
9.560969e-01
9.560877e-01
9.560785e-01
9.560693e-01
9.560601e-01
9.560509e-01
9.560417e-01
9.560325e-01
9.560233e-01
9.560141e-01
9.560048e-01
9.559956e-01
9.559864e-01
9.559772e-01
9.559680e-01
9.559588e-01
9.559496e-01
9.559404e-01
9.559312e-01
9.559220e-01
9.559128e-01
9.559036e-01
9.558944e-01
9.558852e-01
9.558760e-01
9.558668e-01
9.558576e-01
9.558483e-01
9.558391e-01
9.558299e-01
9.558207e-01
9.558115e-01
9.558023e-01
9.557931e-01
9.557839e-01
9.557747e-01
9.557655e-01
9.557563e-01
9.557471e-01
9.557379e-01
9.557287e-01
9.557195e-01
9.557103e-01
9.557011e-01
9.556919e-01
9.556827e-01
9.556735e-01
9.556643e-01
9.556551e-01
9.556459e-01
9.556367e-01
9.556275e-01
9.556183e-01
9.556090e-01
9.555998e-01
9.555906e-01
9.555814e-01
9.555722e-01
9.555630e-01
9.555538e-01
9.555446e-01
9.555354e-01
9.555262e-01
9.555170e-01
9.555078e-01
9.554986e-01
9.554894e-01
9.554802e-01
9.554710e-01
9.554618e-01
9.554526e-01
9.554434e-01
9.554342e-01
9.554250e-01
9.554158e-01
9.554066e-01
9.553974e-01
9.553882e-01
9.553790e-01
9.553698e-01
9.553606e-01
9.553514e-01
9.553422e-01
9.553330e-01
9.553238e-01
9.553146e-01
9.553054e-01
9.552962e-01
9.552870e-01
9.552778e-01
9.552686e-01
9.552594e-01
9.552502e-01
9.552410e-01
9.552318e-01
9.552226e-01
9.552134e-01
9.552042e-01
9.551950e-01
9.551858e-01
9.551766e-01
9.551674e-01
9.551582e-01
9.551490e-01
9.551398e-01
9.551306e-01
9.551214e-01
9.551122e-01
9.551030e-01
9.550938e-01
9.550846e-01
9.550754e-01
9.550662e-01
9.550570e-01
9.550478e-01
9.550387e-01
9.550295e-01
9.550203e-01
9.550111e-01
9.550019e-01
9.549927e-01
9.549835e-01
9.549743e-01
9.549651e-01
9.549559e-01
9.549467e-01
9.549375e-01
9.549283e-01
9.549191e-01
9.549099e-01
9.549007e-01
9.548915e-01
9.548823e-01
9.548731e-01
9.548639e-01
9.548547e-01
9.548455e-01
9.548363e-01
9.548271e-01
9.548179e-01
9.548087e-01
9.547996e-01
9.547904e-01
9.547812e-01
9.547720e-01
9.547628e-01
9.547536e-01
9.547444e-01
9.547352e-01
9.547260e-01
9.547168e-01
9.547076e-01
9.546984e-01
9.546892e-01
9.546800e-01
9.546708e-01
9.546616e-01
9.546524e-01
9.546433e-01
9.546341e-01
9.546249e-01
9.546157e-01
9.546065e-01
9.545973e-01
9.545881e-01
9.545789e-01
9.545697e-01
9.545605e-01
9.545513e-01
9.545421e-01
9.545329e-01
9.545237e-01
9.545146e-01
9.545054e-01
9.544962e-01
9.544870e-01
9.544778e-01
9.544686e-01
9.544594e-01
9.544502e-01
9.544410e-01
9.544318e-01
9.544226e-01
9.544134e-01
9.544043e-01
9.543951e-01
9.543859e-01
9.543767e-01
9.543675e-01
9.543583e-01
9.543491e-01
9.543399e-01
9.543307e-01
9.543215e-01
9.543123e-01
9.543032e-01
9.542940e-01
9.542848e-01
9.542756e-01
9.542664e-01
9.542572e-01
9.542480e-01
9.542388e-01
9.542296e-01
9.542204e-01
9.542113e-01
9.542021e-01
9.541929e-01
9.541837e-01
9.541745e-01
9.541653e-01
9.541561e-01
9.541469e-01
9.541377e-01
9.541286e-01
9.541194e-01
9.541102e-01
9.541010e-01
9.540918e-01
9.540826e-01
9.540734e-01
9.540642e-01
9.540551e-01
9.540459e-01
9.540367e-01
9.540275e-01
9.540183e-01
9.540091e-01
9.539999e-01
9.539907e-01
9.539816e-01
9.539724e-01
9.539632e-01
9.539540e-01
9.539448e-01
9.539356e-01
9.539264e-01
9.539173e-01
9.539081e-01
9.538989e-01
9.538897e-01
9.538805e-01
9.538713e-01
9.538621e-01
9.538529e-01
9.538438e-01
9.538346e-01
9.538254e-01
9.538162e-01
9.538070e-01
9.537978e-01
9.537886e-01
9.537795e-01
9.537703e-01
9.537611e-01
9.537519e-01
9.537427e-01
9.537335e-01
9.537244e-01
9.537152e-01
9.537060e-01
9.536968e-01
9.536876e-01
9.536784e-01
9.536692e-01
9.536601e-01
9.536509e-01
9.536417e-01
9.536325e-01
9.536233e-01
9.536141e-01
9.536050e-01
9.535958e-01
9.535866e-01
9.535774e-01
9.535682e-01
9.535590e-01
9.535499e-01
9.535407e-01
9.535315e-01
9.535223e-01
9.535131e-01
9.535040e-01
9.534948e-01
9.534856e-01
9.534764e-01
9.534672e-01
9.534580e-01
9.534489e-01
9.534397e-01
9.534305e-01
9.534213e-01
9.534121e-01
9.534029e-01
9.533938e-01
9.533846e-01
9.533754e-01
9.533662e-01
9.533570e-01
9.533479e-01
9.533387e-01
9.533295e-01
9.533203e-01
9.533111e-01
9.533020e-01
9.532928e-01
9.532836e-01
9.532744e-01
9.532652e-01
9.532561e-01
9.532469e-01
9.532377e-01
9.532285e-01
9.532193e-01
9.532102e-01
9.532010e-01
9.531918e-01
9.531826e-01
9.531734e-01
9.531643e-01
9.531551e-01
9.531459e-01
9.531367e-01
9.531275e-01
9.531184e-01
9.531092e-01
9.531000e-01
9.530908e-01
9.530817e-01
9.530725e-01
9.530633e-01
9.530541e-01
9.530449e-01
9.530358e-01
9.530266e-01
9.530174e-01
9.530082e-01
9.529991e-01
9.529899e-01
9.529807e-01
9.529715e-01
9.529623e-01
9.529532e-01
9.529440e-01
9.529348e-01
9.529256e-01
9.529165e-01
9.529073e-01
9.528981e-01
9.528889e-01
9.528797e-01
9.528706e-01
9.528614e-01
9.528522e-01
9.528430e-01
9.528339e-01
9.528247e-01
9.528155e-01
9.528063e-01
9.527972e-01
9.527880e-01
9.527788e-01
9.527696e-01
9.527605e-01
9.527513e-01
9.527421e-01
9.527329e-01
9.527238e-01
9.527146e-01
9.527054e-01
9.526962e-01
9.526871e-01
9.526779e-01
9.526687e-01
9.526595e-01
9.526504e-01
9.526412e-01
9.526320e-01
9.526228e-01
9.526137e-01
9.526045e-01
9.525953e-01
9.525861e-01
9.525770e-01
9.525678e-01
9.525586e-01
9.525495e-01
9.525403e-01
9.525311e-01
9.525219e-01
9.525128e-01
9.525036e-01
9.524944e-01
9.524852e-01
9.524761e-01
9.524669e-01
9.524577e-01
9.524486e-01
9.524394e-01
9.524302e-01
9.524210e-01
9.524119e-01
9.524027e-01
9.523935e-01
9.523844e-01
9.523752e-01
9.523660e-01
9.523568e-01
9.523477e-01
9.523385e-01
9.523293e-01
9.523202e-01
9.523110e-01
9.523018e-01
9.522926e-01
9.522835e-01
9.522743e-01
9.522651e-01
9.522560e-01
9.522468e-01
9.522376e-01
9.522284e-01
9.522193e-01
9.522101e-01
9.522009e-01
9.521918e-01
9.521826e-01
9.521734e-01
9.521643e-01
9.521551e-01
9.521459e-01
9.521367e-01
9.521276e-01
9.521184e-01
9.521092e-01
9.521001e-01
9.520909e-01
9.520817e-01
9.520726e-01
9.520634e-01
9.520542e-01
9.520451e-01
9.520359e-01
9.520267e-01
9.520176e-01
9.520084e-01
9.519992e-01
9.519901e-01
9.519809e-01
9.519717e-01
9.519625e-01
9.519534e-01
9.519442e-01
9.519350e-01
9.519259e-01
9.519167e-01
9.519075e-01
9.518984e-01
9.518892e-01
9.518800e-01
9.518709e-01
9.518617e-01
9.518525e-01
9.518434e-01
9.518342e-01
9.518250e-01
9.518159e-01
9.518067e-01
9.517975e-01
9.517884e-01
9.517792e-01
9.517700e-01
9.517609e-01
9.517517e-01
9.517426e-01
9.517334e-01
9.517242e-01
9.517151e-01
9.517059e-01
9.516967e-01
9.516876e-01
9.516784e-01
9.516692e-01
9.516601e-01
9.516509e-01
9.516417e-01
9.516326e-01
9.516234e-01
9.516142e-01
9.516051e-01
9.515959e-01
9.515868e-01
9.515776e-01
9.515684e-01
9.515593e-01
9.515501e-01
9.515409e-01
9.515318e-01
9.515226e-01
9.515134e-01
9.515043e-01
9.514951e-01
9.514860e-01
9.514768e-01
9.514676e-01
9.514585e-01
9.514493e-01
9.514401e-01
9.514310e-01
9.514218e-01
9.514127e-01
9.514035e-01
9.513943e-01
9.513852e-01
9.513760e-01
9.513668e-01
9.513577e-01
9.513485e-01
9.513394e-01
9.513302e-01
9.513210e-01
9.513119e-01
9.513027e-01
9.512936e-01
9.512844e-01
9.512752e-01
9.512661e-01
9.512569e-01
9.512477e-01
9.512386e-01
9.512294e-01
