double_exp
0.000000e+00
9.179104e-02
1.751530e-01
2.508596e-01
3.196139e-01
3.820540e-01
4.387597e-01
4.902575e-01
5.370254e-01
5.794979e-01
6.180691e-01
6.530974e-01
6.849079e-01
7.137961e-01
7.400304e-01
7.638542e-01
7.854891e-01
8.051359e-01
8.229771e-01
8.391785e-01
8.538908e-01
8.672505e-01
8.793819e-01
8.903977e-01
9.004004e-01
9.094830e-01
9.177299e-01
9.252180e-01
9.320167e-01
9.381896e-01
9.437939e-01
9.488819e-01
9.535010e-01
9.576943e-01
9.615008e-01
9.649561e-01
9.680924e-01
9.709389e-01
9.735224e-01
9.758669e-01
9.779944e-01
9.799248e-01
9.816762e-01
9.832650e-01
9.847062e-01
9.860133e-01
9.871986e-01
9.882734e-01
9.892477e-01
9.901308e-01
9.909310e-01
9.916560e-01
9.923127e-01
9.929073e-01
9.934456e-01
9.939327e-01
9.943733e-01
9.947717e-01
9.951317e-01
9.954569e-01
9.957505e-01
9.960154e-01
9.962542e-01
9.964693e-01
9.966629e-01
9.968369e-01
9.969932e-01
9.971334e-01
9.972589e-01
9.973712e-01
9.974714e-01
9.975606e-01
9.976399e-01
9.977101e-01
9.977721e-01
9.978266e-01
9.978744e-01
9.979160e-01
9.979521e-01
9.979831e-01
9.980094e-01
9.980316e-01
9.980499e-01
9.980649e-01
9.980767e-01
9.980856e-01
9.980919e-01
9.980959e-01
9.980978e-01
9.980977e-01
9.980959e-01
9.980925e-01
9.980876e-01
9.980814e-01
9.980740e-01
9.980656e-01
9.980561e-01
9.980458e-01
9.980346e-01
9.980227e-01
9.980101e-01
9.979969e-01
9.979832e-01
9.979689e-01
9.979542e-01
9.979391e-01
9.979236e-01
9.979078e-01
9.978916e-01
9.978752e-01
9.978585e-01
9.978416e-01
9.978245e-01
9.978072e-01
9.977897e-01
9.977720e-01
9.977542e-01
9.977363e-01
9.977182e-01
9.977001e-01
9.976818e-01
9.976635e-01
9.976451e-01
9.976266e-01
9.976080e-01
9.975894e-01
9.975708e-01
9.975520e-01
9.975333e-01
9.975145e-01
9.974956e-01
9.974767e-01
9.974578e-01
9.974389e-01
9.974199e-01
9.974010e-01
9.973820e-01
9.973629e-01
9.973439e-01
9.973248e-01
9.973058e-01
9.972867e-01
9.972676e-01
9.972485e-01
9.972294e-01
9.972103e-01
9.971911e-01
9.971720e-01
9.971529e-01
9.971337e-01
9.971146e-01
9.970954e-01
9.970763e-01
9.970571e-01
9.970379e-01
9.970188e-01
9.969996e-01
9.969804e-01
9.969612e-01
9.969421e-01
9.969229e-01
9.969037e-01
9.968845e-01
9.968653e-01
9.968461e-01
9.968270e-01
9.968078e-01
9.967886e-01
9.967694e-01
9.967502e-01
9.967310e-01
9.967118e-01
9.966926e-01
9.966734e-01
9.966542e-01
9.966351e-01
9.966159e-01
9.965967e-01
9.965775e-01
9.965583e-01
9.965391e-01
9.965199e-01
9.965007e-01
9.964815e-01
9.964623e-01
9.964431e-01
9.964240e-01
9.964048e-01
9.963856e-01
9.963664e-01
9.963472e-01
9.963280e-01
9.963088e-01
9.962896e-01
9.962704e-01
9.962513e-01
9.962321e-01
9.962129e-01
9.961937e-01
9.961745e-01
9.961553e-01
9.961361e-01
9.961170e-01
9.960978e-01
9.960786e-01
9.960594e-01
9.960402e-01
9.960210e-01
9.960018e-01
9.959827e-01
9.959635e-01
9.959443e-01
9.959251e-01
9.959059e-01
9.958868e-01
9.958676e-01
9.958484e-01
9.958292e-01
9.958100e-01
9.957909e-01
9.957717e-01
9.957525e-01
9.957333e-01
9.957141e-01
9.956950e-01
9.956758e-01
9.956566e-01
9.956374e-01
9.956183e-01
9.955991e-01
9.955799e-01
9.955607e-01
9.955416e-01
9.955224e-01
9.955032e-01
9.954840e-01
9.954649e-01
9.954457e-01
9.954265e-01
9.954073e-01
9.953882e-01
9.953690e-01
9.953498e-01
9.953307e-01
9.953115e-01
9.952923e-01
9.952731e-01
9.952540e-01
9.952348e-01
9.952156e-01
9.951965e-01
9.951773e-01
9.951581e-01
9.951390e-01
9.951198e-01
9.951006e-01
9.950815e-01
9.950623e-01
9.950431e-01
9.950240e-01
9.950048e-01
9.949856e-01
9.949665e-01
9.949473e-01
9.949282e-01
9.949090e-01
9.948898e-01
9.948707e-01
9.948515e-01
9.948324e-01
9.948132e-01
9.947940e-01
9.947749e-01
9.947557e-01
9.947366e-01
9.947174e-01
9.946982e-01
9.946791e-01
9.946599e-01
9.946408e-01
9.946216e-01
9.946024e-01
9.945833e-01
9.945641e-01
9.945450e-01
9.945258e-01
9.945067e-01
9.944875e-01
9.944684e-01
9.944492e-01
9.944301e-01
9.944109e-01
9.943917e-01
9.943726e-01
9.943534e-01
9.943343e-01
9.943151e-01
9.942960e-01
9.942768e-01
9.942577e-01
9.942385e-01
9.942194e-01
9.942002e-01
9.941811e-01
9.941619e-01
9.941428e-01
9.941237e-01
9.941045e-01
9.940854e-01
9.940662e-01
9.940471e-01
9.940279e-01
9.940088e-01
9.939896e-01
9.939705e-01
9.939513e-01
9.939322e-01
9.939131e-01
9.938939e-01
9.938748e-01
9.938556e-01
9.938365e-01
9.938173e-01
9.937982e-01
9.937791e-01
9.937599e-01
9.937408e-01
9.937216e-01
9.937025e-01
9.936834e-01
9.936642e-01
9.936451e-01
9.936259e-01
9.936068e-01
9.935877e-01
9.935685e-01
9.935494e-01
9.935303e-01
9.935111e-01
9.934920e-01
9.934729e-01
9.934537e-01
9.934346e-01
9.934155e-01
9.933963e-01
9.933772e-01
9.933581e-01
9.933389e-01
9.933198e-01
9.933007e-01
9.932815e-01
9.932624e-01
9.932433e-01
9.932241e-01
9.932050e-01
9.931859e-01
9.931668e-01
9.931476e-01
9.931285e-01
9.931094e-01
9.930902e-01
9.930711e-01
9.930520e-01
9.930329e-01
9.930137e-01
9.929946e-01
9.929755e-01
9.929564e-01
9.929372e-01
9.929181e-01
9.928990e-01
9.928799e-01
9.928607e-01
9.928416e-01
9.928225e-01
9.928034e-01
9.927842e-01
9.927651e-01
9.927460e-01
9.927269e-01
9.927078e-01
9.926886e-01
9.926695e-01
9.926504e-01
9.926313e-01
9.926122e-01
9.925931e-01
9.925739e-01
9.925548e-01
9.925357e-01
9.925166e-01
9.924975e-01
9.924784e-01
9.924592e-01
9.924401e-01
9.924210e-01
9.924019e-01
9.923828e-01
9.923637e-01
9.923446e-01
9.923254e-01
9.923063e-01
9.922872e-01
9.922681e-01
9.922490e-01
9.922299e-01
9.922108e-01
9.921917e-01
9.921726e-01
9.921534e-01
9.921343e-01
9.921152e-01
9.920961e-01
9.920770e-01
9.920579e-01
9.920388e-01
9.920197e-01
9.920006e-01
9.919815e-01
9.919624e-01
9.919433e-01
9.919242e-01
9.919051e-01
9.918859e-01
9.918668e-01
9.918477e-01
9.918286e-01
9.918095e-01
9.917904e-01
9.917713e-01
9.917522e-01
9.917331e-01
9.917140e-01
9.916949e-01
9.916758e-01
9.916567e-01
9.916376e-01
9.916185e-01
9.915994e-01
9.915803e-01
9.915612e-01
9.915421e-01
9.915230e-01
9.915039e-01
9.914848e-01
9.914657e-01
9.914467e-01
9.914276e-01
9.914085e-01
9.913894e-01
9.913703e-01
9.913512e-01
9.913321e-01
9.913130e-01
9.912939e-01
9.912748e-01
9.912557e-01
9.912366e-01
9.912175e-01
9.911984e-01
9.911793e-01
9.911603e-01
9.911412e-01
9.911221e-01
9.911030e-01
9.910839e-01
9.910648e-01
9.910457e-01
9.910266e-01
9.910075e-01
9.909885e-01
9.909694e-01
9.909503e-01
9.909312e-01
9.909121e-01
9.908930e-01
9.908739e-01
9.908549e-01
9.908358e-01
9.908167e-01
9.907976e-01
9.907785e-01
9.907594e-01
9.907404e-01
9.907213e-01
9.907022e-01
9.906831e-01
9.906640e-01
9.906450e-01
9.906259e-01
9.906068e-01
9.905877e-01
9.905686e-01
9.905496e-01
9.905305e-01
9.905114e-01
9.904923e-01
9.904733e-01
9.904542e-01
9.904351e-01
9.904160e-01
9.903969e-01
9.903779e-01
9.903588e-01
9.903397e-01
9.903206e-01
9.903016e-01
9.902825e-01
9.902634e-01
9.902444e-01
9.902253e-01
9.902062e-01
9.901871e-01
9.901681e-01
9.901490e-01
9.901299e-01
9.901109e-01
9.900918e-01
9.900727e-01
9.900536e-01
9.900346e-01
9.900155e-01
9.899964e-01
9.899774e-01
9.899583e-01
9.899392e-01
9.899202e-01
9.899011e-01
9.898820e-01
9.898630e-01
9.898439e-01
9.898248e-01
9.898058e-01
9.897867e-01
9.897677e-01
9.897486e-01
9.897295e-01
9.897105e-01
9.896914e-01
9.896723e-01
9.896533e-01
9.896342e-01
9.896152e-01
9.895961e-01
9.895770e-01
9.895580e-01
9.895389e-01
9.895199e-01
9.895008e-01
9.894817e-01
9.894627e-01
9.894436e-01
9.894246e-01
9.894055e-01
9.893865e-01
9.893674e-01
9.893484e-01
9.893293e-01
9.893102e-01
9.892912e-01
9.892721e-01
9.892531e-01
9.892340e-01
9.892150e-01
9.891959e-01
9.891769e-01
9.891578e-01
9.891388e-01
9.891197e-01
9.891007e-01
9.890816e-01
9.890626e-01
9.890435e-01
9.890245e-01
9.890054e-01
9.889864e-01
9.889673e-01
9.889483e-01
9.889292e-01
9.889102e-01
9.888911e-01
9.888721e-01
9.888530e-01
9.888340e-01
9.888149e-01
9.887959e-01
9.887769e-01
9.887578e-01
9.887388e-01
9.887197e-01
9.887007e-01
9.886816e-01
9.886626e-01
9.886436e-01
9.886245e-01
9.886055e-01
9.885864e-01
9.885674e-01
9.885484e-01
9.885293e-01
9.885103e-01
9.884912e-01
9.884722e-01
9.884532e-01
9.884341e-01
9.884151e-01
9.883960e-01
9.883770e-01
9.883580e-01
9.883389e-01
9.883199e-01
9.883009e-01
9.882818e-01
9.882628e-01
9.882438e-01
9.882247e-01
9.882057e-01
9.881867e-01
9.881676e-01
9.881486e-01
9.881296e-01
9.881105e-01
9.880915e-01
9.880725e-01
9.880534e-01
9.880344e-01
9.880154e-01
9.879964e-01
9.879773e-01
9.879583e-01
9.879393e-01
9.879202e-01
9.879012e-01
9.878822e-01
9.878632e-01
9.878441e-01
9.878251e-01
9.878061e-01
9.877871e-01
9.877680e-01
9.877490e-01
9.877300e-01
9.877110e-01
9.876919e-01
9.876729e-01
9.876539e-01
9.876349e-01
9.876158e-01
9.875968e-01
9.875778e-01
9.875588e-01
9.875398e-01
9.875207e-01
9.875017e-01
9.874827e-01
9.874637e-01
9.874447e-01
9.874256e-01
9.874066e-01
9.873876e-01
9.873686e-01
9.873496e-01
9.873306e-01
9.873115e-01
9.872925e-01
9.872735e-01
9.872545e-01
9.872355e-01
9.872165e-01
9.871975e-01
9.871784e-01
9.871594e-01
9.871404e-01
9.871214e-01
9.871024e-01
9.870834e-01
9.870644e-01
9.870454e-01
9.870263e-01
9.870073e-01
9.869883e-01
9.869693e-01
9.869503e-01
9.869313e-01
9.869123e-01
9.868933e-01
9.868743e-01
9.868553e-01
9.868363e-01
9.868172e-01
9.867982e-01
9.867792e-01
9.867602e-01
9.867412e-01
9.867222e-01
9.867032e-01
9.866842e-01
9.866652e-01
9.866462e-01
9.866272e-01
9.866082e-01
9.865892e-01
9.865702e-01
9.865512e-01
9.865322e-01
9.865132e-01
9.864942e-01
9.864752e-01
9.864562e-01
9.864372e-01
9.864182e-01
9.863992e-01
9.863802e-01
9.863612e-01
9.863422e-01
9.863232e-01
9.863042e-01
9.862852e-01
9.862662e-01
9.862472e-01
9.862282e-01
9.862092e-01
9.861902e-01
9.861712e-01
9.861522e-01
9.861333e-01
9.861143e-01
9.860953e-01
9.860763e-01
9.860573e-01
9.860383e-01
9.860193e-01
9.860003e-01
9.859813e-01
9.859623e-01
9.859433e-01
9.859243e-01
9.859054e-01
9.858864e-01
9.858674e-01
9.858484e-01
9.858294e-01
9.858104e-01
9.857914e-01
9.857724e-01
9.857535e-01
9.857345e-01
9.857155e-01
9.856965e-01
9.856775e-01
9.856585e-01
9.856395e-01
9.856206e-01
9.856016e-01
9.855826e-01
9.855636e-01
9.855446e-01
9.855257e-01
9.855067e-01
9.854877e-01
9.854687e-01
9.854497e-01
9.854307e-01
9.854118e-01
9.853928e-01
9.853738e-01
9.853548e-01
9.853359e-01
9.853169e-01
9.852979e-01
9.852789e-01
9.852599e-01
9.852410e-01
9.852220e-01
9.852030e-01
9.851840e-01
9.851651e-01
9.851461e-01
9.851271e-01
9.851081e-01
9.850892e-01
9.850702e-01
9.850512e-01
9.850323e-01
9.850133e-01
9.849943e-01
9.849753e-01
9.849564e-01
9.849374e-01
9.849184e-01
9.848995e-01
9.848805e-01
9.848615e-01
9.848426e-01
9.848236e-01
9.848046e-01
9.847856e-01
9.847667e-01
9.847477e-01
9.847287e-01
9.847098e-01
9.846908e-01
9.846718e-01
9.846529e-01
9.846339e-01
9.846150e-01
9.845960e-01
9.845770e-01
9.845581e-01
9.845391e-01
9.845201e-01
9.845012e-01
9.844822e-01
9.844633e-01
9.844443e-01
9.844253e-01
9.844064e-01
9.843874e-01
9.843685e-01
9.843495e-01
9.843305e-01
9.843116e-01
9.842926e-01
9.842737e-01
9.842547e-01
9.842357e-01
9.842168e-01
9.841978e-01
9.841789e-01
9.841599e-01
9.841410e-01
9.841220e-01
9.841031e-01
9.840841e-01
9.840652e-01
9.840462e-01
9.840272e-01
9.840083e-01
9.839893e-01
9.839704e-01
9.839514e-01
9.839325e-01
9.839135e-01
9.838946e-01
9.838756e-01
9.838567e-01
9.838377e-01
9.838188e-01
9.837998e-01
9.837809e-01
9.837619e-01
9.837430e-01
9.837240e-01
9.837051e-01
9.836862e-01
9.836672e-01
9.836483e-01
9.836293e-01
9.836104e-01
9.835914e-01
9.835725e-01
9.835535e-01
9.835346e-01
9.835157e-01
9.834967e-01
9.834778e-01
9.834588e-01
9.834399e-01
9.834209e-01
9.834020e-01
9.833831e-01
9.833641e-01
9.833452e-01
9.833262e-01
9.833073e-01
9.832884e-01
9.832694e-01
9.832505e-01
9.832316e-01
9.832126e-01
9.831937e-01
9.831747e-01
9.831558e-01
9.831369e-01
9.831179e-01
9.830990e-01
9.830801e-01
9.830611e-01
9.830422e-01
9.830233e-01
9.830043e-01
9.829854e-01
9.829665e-01
9.829475e-01
9.829286e-01
9.829097e-01
9.828907e-01
9.828718e-01
9.828529e-01
9.828339e-01
9.828150e-01
9.827961e-01
9.827772e-01
9.827582e-01
9.827393e-01
9.827204e-01
9.827014e-01
9.826825e-01
9.826636e-01
9.826447e-01
9.826257e-01
9.826068e-01
9.825879e-01
9.825690e-01
9.825500e-01
9.825311e-01
9.825122e-01
9.824933e-01
9.824743e-01
9.824554e-01
9.824365e-01
9.824176e-01
9.823987e-01
9.823797e-01
9.823608e-01
9.823419e-01
9.823230e-01
9.823041e-01
9.822851e-01
9.822662e-01
9.822473e-01
9.822284e-01
9.822095e-01
9.821905e-01
9.821716e-01
9.821527e-01
9.821338e-01
9.821149e-01
9.820960e-01
9.820770e-01
9.820581e-01
9.820392e-01
9.820203e-01
9.820014e-01
9.819825e-01
9.819636e-01
9.819446e-01
9.819257e-01
9.819068e-01
9.818879e-01
9.818690e-01
9.818501e-01
9.818312e-01
9.818123e-01
9.817934e-01
9.817744e-01
9.817555e-01
9.817366e-01
9.817177e-01
9.816988e-01
9.816799e-01
9.816610e-01
9.816421e-01
9.816232e-01
9.816043e-01
9.815854e-01
9.815665e-01
9.815476e-01
9.815287e-01
9.815098e-01
9.814908e-01
9.814719e-01
9.814530e-01
9.814341e-01
9.814152e-01
9.813963e-01
9.813774e-01
9.813585e-01
9.813396e-01
9.813207e-01
9.813018e-01
9.812829e-01
9.812640e-01
9.812451e-01
9.812262e-01
9.812073e-01
9.811884e-01
9.811695e-01
9.811506e-01
9.811317e-01
9.811128e-01
9.810939e-01
9.810751e-01
9.810562e-01
9.810373e-01
9.810184e-01
9.809995e-01
9.809806e-01
9.809617e-01
9.809428e-01
9.809239e-01
9.809050e-01
9.808861e-01
9.808672e-01
9.808483e-01
9.808294e-01
9.808105e-01
9.807917e-01
9.807728e-01
9.807539e-01
9.807350e-01
9.807161e-01
9.806972e-01
9.806783e-01
9.806594e-01
9.806405e-01
9.806217e-01
9.806028e-01
9.805839e-01
9.805650e-01
9.805461e-01
9.805272e-01
9.805083e-01
9.804895e-01
9.804706e-01
9.804517e-01
9.804328e-01
9.804139e-01
9.803950e-01
9.803762e-01
9.803573e-01
9.803384e-01
9.803195e-01
9.803006e-01
9.802817e-01
9.802629e-01
9.802440e-01
9.802251e-01
9.802062e-01
9.801873e-01
9.801685e-01
9.801496e-01
9.801307e-01
9.801118e-01
9.800930e-01
9.800741e-01
9.800552e-01
9.800363e-01
9.800175e-01
9.799986e-01
9.799797e-01
9.799608e-01
9.799420e-01
9.799231e-01
9.799042e-01
9.798853e-01
9.798665e-01
9.798476e-01
9.798287e-01
9.798098e-01
9.797910e-01
9.797721e-01
9.797532e-01
9.797344e-01
9.797155e-01
9.796966e-01
9.796778e-01
9.796589e-01
9.796400e-01
9.796211e-01
9.796023e-01
9.795834e-01
9.795645e-01
9.795457e-01
9.795268e-01
9.795079e-01
9.794891e-01
9.794702e-01
9.794513e-01
9.794325e-01
9.794136e-01
9.793948e-01
9.793759e-01
9.793570e-01
9.793382e-01
9.793193e-01
9.793004e-01
9.792816e-01
9.792627e-01
9.792439e-01
9.792250e-01
9.792061e-01
9.791873e-01
9.791684e-01
9.791496e-01
9.791307e-01
9.791118e-01
9.790930e-01
9.790741e-01
9.790553e-01
9.790364e-01
9.790176e-01
9.789987e-01
9.789798e-01
9.789610e-01
9.789421e-01
9.789233e-01
9.789044e-01
9.788856e-01
9.788667e-01
9.788479e-01
9.788290e-01
9.788102e-01
9.787913e-01
9.787725e-01
9.787536e-01
9.787348e-01
9.787159e-01
9.786971e-01
9.786782e-01
9.786594e-01
9.786405e-01
9.786217e-01
9.786028e-01
9.785840e-01
9.785651e-01
9.785463e-01
9.785274e-01
9.785086e-01
9.784897e-01
9.784709e-01
9.784520e-01
9.784332e-01
9.784143e-01
9.783955e-01
9.783767e-01
9.783578e-01
9.783390e-01
9.783201e-01
9.783013e-01
9.782824e-01
9.782636e-01
9.782448e-01
9.782259e-01
9.782071e-01
9.781882e-01
9.781694e-01
9.781506e-01
9.781317e-01
9.781129e-01
9.780940e-01
9.780752e-01
9.780564e-01
9.780375e-01
9.780187e-01
9.779998e-01
9.779810e-01
9.779622e-01
9.779433e-01
9.779245e-01
9.779057e-01
9.778868e-01
9.778680e-01
9.778492e-01
9.778303e-01
9.778115e-01
9.777927e-01
9.777738e-01
9.777550e-01
9.777362e-01
9.777173e-01
9.776985e-01
9.776797e-01
9.776608e-01
9.776420e-01
9.776232e-01
9.776044e-01
9.775855e-01
9.775667e-01
9.775479e-01
9.775290e-01
9.775102e-01
9.774914e-01
9.774726e-01
9.774537e-01
9.774349e-01
9.774161e-01
9.773973e-01
9.773784e-01
9.773596e-01
9.773408e-01
9.773220e-01
9.773031e-01
9.772843e-01
9.772655e-01
9.772467e-01
9.772279e-01
9.772090e-01
9.771902e-01
9.771714e-01
9.771526e-01
9.771337e-01
9.771149e-01
9.770961e-01
9.770773e-01
9.770585e-01
9.770397e-01
9.770208e-01
9.770020e-01
9.769832e-01
9.769644e-01
9.769456e-01
9.769267e-01
9.769079e-01
9.768891e-01
9.768703e-01
9.768515e-01
9.768327e-01
9.768139e-01
9.767950e-01
9.767762e-01
9.767574e-01
9.767386e-01
9.767198e-01
9.767010e-01
9.766822e-01
9.766634e-01
9.766445e-01
9.766257e-01
9.766069e-01
9.765881e-01
9.765693e-01
9.765505e-01
9.765317e-01
9.765129e-01
9.764941e-01
9.764753e-01
9.764565e-01
9.764377e-01
9.764188e-01
9.764000e-01
9.763812e-01
9.763624e-01
9.763436e-01
9.763248e-01
9.763060e-01
9.762872e-01
9.762684e-01
9.762496e-01
9.762308e-01
9.762120e-01
9.761932e-01
9.761744e-01
9.761556e-01
9.761368e-01
9.761180e-01
9.760992e-01
9.760804e-01
9.760616e-01
9.760428e-01
9.760240e-01
9.760052e-01
9.759864e-01
9.759676e-01
9.759488e-01
9.759300e-01
9.759112e-01
9.758924e-01
9.758736e-01
9.758548e-01
9.758360e-01
9.758172e-01
9.757984e-01
9.757796e-01
9.757609e-01
9.757421e-01
9.757233e-01
9.757045e-01
9.756857e-01
9.756669e-01
9.756481e-01
9.756293e-01
9.756105e-01
9.755917e-01
9.755729e-01
9.755541e-01
9.755354e-01
9.755166e-01
9.754978e-01
9.754790e-01
9.754602e-01
9.754414e-01
9.754226e-01
9.754038e-01
9.753851e-01
9.753663e-01
9.753475e-01
9.753287e-01
9.753099e-01
9.752911e-01
9.752723e-01
9.752536e-01
9.752348e-01
9.752160e-01
9.751972e-01
9.751784e-01
9.751596e-01
9.751409e-01
9.751221e-01
9.751033e-01
9.750845e-01
9.750657e-01
9.750470e-01
9.750282e-01
9.750094e-01
9.749906e-01
9.749718e-01
9.749531e-01
9.749343e-01
9.749155e-01
9.748967e-01
9.748780e-01
9.748592e-01
9.748404e-01
9.748216e-01
9.748029e-01
9.747841e-01
9.747653e-01
9.747465e-01
9.747278e-01
9.747090e-01
9.746902e-01
9.746714e-01
9.746527e-01
9.746339e-01
9.746151e-01
9.745963e-01
9.745776e-01
9.745588e-01
9.745400e-01
9.745213e-01
9.745025e-01
9.744837e-01
9.744650e-01
9.744462e-01
9.744274e-01
9.744087e-01
9.743899e-01
9.743711e-01
9.743524e-01
9.743336e-01
9.743148e-01
9.742961e-01
9.742773e-01
9.742585e-01
9.742398e-01
9.742210e-01
9.742022e-01
9.741835e-01
9.741647e-01
9.741459e-01
9.741272e-01
9.741084e-01
9.740897e-01
9.740709e-01
9.740521e-01
9.740334e-01
9.740146e-01
9.739959e-01
9.739771e-01
9.739583e-01
9.739396e-01
9.739208e-01
9.739021e-01
9.738833e-01
9.738645e-01
9.738458e-01
9.738270e-01
9.738083e-01
9.737895e-01
9.737708e-01
9.737520e-01
9.737333e-01
9.737145e-01
9.736958e-01
9.736770e-01
9.736582e-01
9.736395e-01
9.736207e-01
9.736020e-01
9.735832e-01
9.735645e-01
9.735457e-01
9.735270e-01
9.735082e-01
9.734895e-01
9.734707e-01
9.734520e-01
9.734332e-01
9.734145e-01
9.733957e-01
9.733770e-01
9.733582e-01
9.733395e-01
9.733207e-01
9.733020e-01
9.732833e-01
9.732645e-01
9.732458e-01
9.732270e-01
9.732083e-01
9.731895e-01
9.731708e-01
9.731520e-01
9.731333e-01
9.731146e-01
9.730958e-01
9.730771e-01
9.730583e-01
9.730396e-01
9.730208e-01
9.730021e-01
9.729834e-01
9.729646e-01
9.729459e-01
9.729272e-01
9.729084e-01
9.728897e-01
9.728709e-01
9.728522e-01
9.728335e-01
9.728147e-01
9.727960e-01
9.727773e-01
9.727585e-01
9.727398e-01
9.727210e-01
9.727023e-01
9.726836e-01
9.726648e-01
9.726461e-01
9.726274e-01
9.726086e-01
9.725899e-01
9.725712e-01
9.725524e-01
9.725337e-01
9.725150e-01
9.724962e-01
9.724775e-01
9.724588e-01
9.724401e-01
9.724213e-01
9.724026e-01
9.723839e-01
9.723651e-01
9.723464e-01
9.723277e-01
9.723090e-01
9.722902e-01
9.722715e-01
9.722528e-01
9.722341e-01
9.722153e-01
9.721966e-01
9.721779e-01
9.721592e-01
9.721404e-01
9.721217e-01
9.721030e-01
9.720843e-01
9.720655e-01
9.720468e-01
9.720281e-01
9.720094e-01
9.719907e-01
9.719719e-01
9.719532e-01
9.719345e-01
9.719158e-01
9.718971e-01
9.718783e-01
9.718596e-01
9.718409e-01
9.718222e-01
9.718035e-01
9.717847e-01
9.717660e-01
9.717473e-01
9.717286e-01
9.717099e-01
9.716912e-01
9.716724e-01
9.716537e-01
9.716350e-01
9.716163e-01
9.715976e-01
9.715789e-01
9.715602e-01
9.715415e-01
9.715227e-01
9.715040e-01
9.714853e-01
9.714666e-01
9.714479e-01
9.714292e-01
9.714105e-01
9.713918e-01
9.713731e-01
9.713543e-01
9.713356e-01
9.713169e-01
9.712982e-01
9.712795e-01
9.712608e-01
9.712421e-01
9.712234e-01
9.712047e-01
9.711860e-01
9.711673e-01
9.711486e-01
9.711299e-01
9.711112e-01
9.710925e-01
9.710738e-01
9.710551e-01
9.710364e-01
9.710177e-01
9.709989e-01
9.709802e-01
9.709615e-01
9.709428e-01
9.709241e-01
9.709054e-01
9.708867e-01
9.708680e-01
9.708493e-01
9.708306e-01
9.708119e-01
9.707933e-01
9.707746e-01
9.707559e-01
9.707372e-01
9.707185e-01
9.706998e-01
9.706811e-01
9.706624e-01
9.706437e-01
9.706250e-01
9.706063e-01
9.705876e-01
9.705689e-01
9.705502e-01
9.705315e-01
9.705128e-01
9.704941e-01
9.704754e-01
9.704567e-01
9.704381e-01
9.704194e-01
9.704007e-01
9.703820e-01
9.703633e-01
9.703446e-01
9.703259e-01
9.703072e-01
9.702885e-01
9.702699e-01
9.702512e-01
9.702325e-01
9.702138e-01
9.701951e-01
9.701764e-01
9.701577e-01
9.701390e-01
9.701204e-01
9.701017e-01
9.700830e-01
9.700643e-01
9.700456e-01
9.700269e-01
9.700083e-01
9.699896e-01
9.699709e-01
9.699522e-01
9.699335e-01
9.699148e-01
9.698962e-01
9.698775e-01
9.698588e-01
9.698401e-01
9.698214e-01
9.698028e-01
9.697841e-01
9.697654e-01
9.697467e-01
9.697281e-01
9.697094e-01
9.696907e-01
9.696720e-01
9.696534e-01
9.696347e-01
9.696160e-01
9.695973e-01
9.695787e-01
9.695600e-01
9.695413e-01
9.695226e-01
9.695040e-01
9.694853e-01
9.694666e-01
9.694479e-01
9.694293e-01
9.694106e-01
9.693919e-01
9.693733e-01
9.693546e-01
9.693359e-01
9.693172e-01
9.692986e-01
9.692799e-01
9.692612e-01
9.692426e-01
9.692239e-01
9.692052e-01
9.691866e-01
9.691679e-01
9.691492e-01
9.691306e-01
9.691119e-01
9.690932e-01
9.690746e-01
9.690559e-01
9.690372e-01
9.690186e-01
9.689999e-01
9.689813e-01
9.689626e-01
9.689439e-01
9.689253e-01
9.689066e-01
9.688879e-01
9.688693e-01
9.688506e-01
9.688320e-01
9.688133e-01
9.687946e-01
9.687760e-01
9.687573e-01
9.687387e-01
9.687200e-01
9.687013e-01
9.686827e-01
9.686640e-01
9.686454e-01
9.686267e-01
9.686081e-01
9.685894e-01
9.685708e-01
9.685521e-01
9.685334e-01
9.685148e-01
9.684961e-01
9.684775e-01
9.684588e-01
9.684402e-01
9.684215e-01
9.684029e-01
9.683842e-01
9.683656e-01
9.683469e-01
9.683283e-01
9.683096e-01
9.682910e-01
9.682723e-01
9.682537e-01
9.682350e-01
9.682164e-01
9.681977e-01
9.681791e-01
9.681604e-01
9.681418e-01
9.681231e-01
9.681045e-01
9.680858e-01
9.680672e-01
9.680486e-01
9.680299e-01
9.680113e-01
9.679926e-01
9.679740e-01
9.679553e-01
9.679367e-01
9.679180e-01
9.678994e-01
9.678808e-01
9.678621e-01
9.678435e-01
9.678248e-01
9.678062e-01
9.677876e-01
9.677689e-01
9.677503e-01
9.677316e-01
9.677130e-01
9.676944e-01
9.676757e-01
9.676571e-01
9.676384e-01
9.676198e-01
9.676012e-01
9.675825e-01
9.675639e-01
9.675453e-01
9.675266e-01
9.675080e-01
9.674894e-01
9.674707e-01
9.674521e-01
9.674335e-01
9.674148e-01
9.673962e-01
9.673776e-01
9.673589e-01
9.673403e-01
9.673217e-01
9.673030e-01
9.672844e-01
9.672658e-01
9.672471e-01
9.672285e-01
9.672099e-01
9.671913e-01
9.671726e-01
9.671540e-01
9.671354e-01
9.671168e-01
9.670981e-01
9.670795e-01
9.670609e-01
9.670422e-01
9.670236e-01
9.670050e-01
9.669864e-01
9.669677e-01
9.669491e-01
9.669305e-01
9.669119e-01
9.668933e-01
9.668746e-01
9.668560e-01
9.668374e-01
9.668188e-01
9.668001e-01
9.667815e-01
9.667629e-01
9.667443e-01
9.667257e-01
9.667070e-01
9.666884e-01
9.666698e-01
9.666512e-01
9.666326e-01
9.666140e-01
9.665953e-01
9.665767e-01
9.665581e-01
9.665395e-01
9.665209e-01
9.665023e-01
9.664836e-01
9.664650e-01
9.664464e-01
9.664278e-01
9.664092e-01
9.663906e-01
9.663720e-01
9.663533e-01
9.663347e-01
9.663161e-01
9.662975e-01
9.662789e-01
9.662603e-01
9.662417e-01
9.662231e-01
9.662045e-01
9.661858e-01
9.661672e-01
9.661486e-01
9.661300e-01
9.661114e-01
9.660928e-01
9.660742e-01
9.660556e-01
9.660370e-01
9.660184e-01
9.659998e-01
9.659812e-01
9.659626e-01
9.659440e-01
9.659254e-01
9.659068e-01
9.658881e-01
9.658695e-01
9.658509e-01
9.658323e-01
9.658137e-01
9.657951e-01
9.657765e-01
9.657579e-01
9.657393e-01
9.657207e-01
9.657021e-01
9.656835e-01
9.656649e-01
9.656463e-01
9.656277e-01
9.656091e-01
9.655905e-01
9.655719e-01
9.655533e-01
9.655347e-01
9.655162e-01
9.654976e-01
9.654790e-01
9.654604e-01
9.654418e-01
9.654232e-01
9.654046e-01
9.653860e-01
9.653674e-01
9.653488e-01
9.653302e-01
9.653116e-01
9.652930e-01
9.652744e-01
9.652558e-01
9.652372e-01
9.652187e-01
9.652001e-01
9.651815e-01
9.651629e-01
9.651443e-01
9.651257e-01
9.651071e-01
9.650885e-01
9.650699e-01
9.650514e-01
9.650328e-01
9.650142e-01
9.649956e-01
9.649770e-01
9.649584e-01
9.649398e-01
9.649213e-01
9.649027e-01
9.648841e-01
9.648655e-01
9.648469e-01
9.648283e-01
9.648098e-01
9.647912e-01
9.647726e-01
9.647540e-01
9.647354e-01
9.647168e-01
9.646983e-01
9.646797e-01
9.646611e-01
9.646425e-01
9.646239e-01
9.646054e-01
9.645868e-01
9.645682e-01
9.645496e-01
9.645311e-01
9.645125e-01
9.644939e-01
9.644753e-01
9.644567e-01
9.644382e-01
9.644196e-01
9.644010e-01
9.643824e-01
9.643639e-01
9.643453e-01
9.643267e-01
9.643082e-01
9.642896e-01
9.642710e-01
9.642524e-01
9.642339e-01
9.642153e-01
9.641967e-01
9.641781e-01
9.641596e-01
9.641410e-01
9.641224e-01
9.641039e-01
9.640853e-01
9.640667e-01
9.640482e-01
9.640296e-01
9.640110e-01
9.639925e-01
9.639739e-01
9.639553e-01
9.639368e-01
9.639182e-01
9.638996e-01
9.638811e-01
9.638625e-01
9.638439e-01
9.638254e-01
9.638068e-01
9.637882e-01
9.637697e-01
9.637511e-01
9.637326e-01
9.637140e-01
9.636954e-01
9.636769e-01
9.636583e-01
9.636398e-01
9.636212e-01
9.636026e-01
9.635841e-01
9.635655e-01
9.635470e-01
9.635284e-01
9.635098e-01
9.634913e-01
9.634727e-01
9.634542e-01
9.634356e-01
9.634171e-01
9.633985e-01
9.633800e-01
9.633614e-01
9.633428e-01
9.633243e-01
9.633057e-01
9.632872e-01
9.632686e-01
9.632501e-01
9.632315e-01
9.632130e-01
9.631944e-01
9.631759e-01
9.631573e-01
9.631388e-01
9.631202e-01
9.631017e-01
9.630831e-01
9.630646e-01
9.630460e-01
9.630275e-01
9.630089e-01
9.629904e-01
9.629718e-01
9.629533e-01
9.629347e-01
9.629162e-01
9.628976e-01
9.628791e-01
9.628605e-01
9.628420e-01
9.628235e-01
9.628049e-01
9.627864e-01
9.627678e-01
9.627493e-01
9.627307e-01
9.627122e-01
9.626937e-01
9.626751e-01
9.626566e-01
9.626380e-01
9.626195e-01
9.626010e-01
9.625824e-01
9.625639e-01
9.625453e-01
9.625268e-01
9.625083e-01
9.624897e-01
9.624712e-01
9.624526e-01
9.624341e-01
9.624156e-01
9.623970e-01
9.623785e-01
9.623600e-01
9.623414e-01
9.623229e-01
9.623044e-01
9.622858e-01
9.622673e-01
9.622488e-01
9.622302e-01
9.622117e-01
9.621932e-01
9.621746e-01
9.621561e-01
9.621376e-01
9.621190e-01
9.621005e-01
9.620820e-01
9.620634e-01
9.620449e-01
9.620264e-01
9.620079e-01
9.619893e-01
9.619708e-01
9.619523e-01
9.619337e-01
9.619152e-01
9.618967e-01
9.618782e-01
9.618596e-01
9.618411e-01
9.618226e-01
9.618041e-01
9.617855e-01
9.617670e-01
9.617485e-01
9.617300e-01
9.617114e-01
9.616929e-01
9.616744e-01
9.616559e-01
9.616374e-01
9.616188e-01
9.616003e-01
9.615818e-01
9.615633e-01
9.615447e-01
9.615262e-01
9.615077e-01
9.614892e-01
9.614707e-01
9.614522e-01
9.614336e-01
9.614151e-01
9.613966e-01
9.613781e-01
9.613596e-01
9.613411e-01
9.613225e-01
9.613040e-01
9.612855e-01
9.612670e-01
9.612485e-01
9.612300e-01
9.612115e-01
9.611929e-01
9.611744e-01
9.611559e-01
9.611374e-01
9.611189e-01
9.611004e-01
9.610819e-01
9.610634e-01
9.610448e-01
9.610263e-01
9.610078e-01
9.609893e-01
9.609708e-01
9.609523e-01
9.609338e-01
9.609153e-01
9.608968e-01
9.608783e-01
9.608598e-01
9.608413e-01
9.608227e-01
9.608042e-01
9.607857e-01
9.607672e-01
9.607487e-01
9.607302e-01
9.607117e-01
9.606932e-01
9.606747e-01
9.606562e-01
9.606377e-01
9.606192e-01
9.606007e-01
9.605822e-01
9.605637e-01
9.605452e-01
9.605267e-01
9.605082e-01
9.604897e-01
9.604712e-01
9.604527e-01
9.604342e-01
9.604157e-01
9.603972e-01
9.603787e-01
9.603602e-01
9.603417e-01
9.603232e-01
9.603047e-01
9.602862e-01
9.602677e-01
9.602492e-01
9.602307e-01
9.602123e-01
9.601938e-01
9.601753e-01
9.601568e-01
9.601383e-01
9.601198e-01
9.601013e-01
9.600828e-01
9.600643e-01
9.600458e-01
9.600273e-01
9.600088e-01
9.599903e-01
9.599719e-01
9.599534e-01
9.599349e-01
9.599164e-01
9.598979e-01
9.598794e-01
9.598609e-01
9.598424e-01
9.598240e-01
9.598055e-01
9.597870e-01
9.597685e-01
9.597500e-01
9.597315e-01
9.597130e-01
9.596946e-01
9.596761e-01
9.596576e-01
9.596391e-01
9.596206e-01
9.596021e-01
9.595837e-01
9.595652e-01
9.595467e-01
9.595282e-01
9.595097e-01
9.594913e-01
9.594728e-01
9.594543e-01
9.594358e-01
9.594173e-01
9.593989e-01
9.593804e-01
9.593619e-01
9.593434e-01
9.593249e-01
9.593065e-01
9.592880e-01
9.592695e-01
9.592510e-01
9.592326e-01
9.592141e-01
9.591956e-01
9.591771e-01
9.591587e-01
9.591402e-01
9.591217e-01
9.591032e-01
9.590848e-01
9.590663e-01
9.590478e-01
9.590294e-01
9.590109e-01
9.589924e-01
9.589739e-01
9.589555e-01
9.589370e-01
9.589185e-01
9.589001e-01
9.588816e-01
9.588631e-01
9.588447e-01
9.588262e-01
9.588077e-01
9.587893e-01
9.587708e-01
9.587523e-01
9.587339e-01
9.587154e-01
9.586969e-01
9.586785e-01
9.586600e-01
9.586415e-01
9.586231e-01
9.586046e-01
9.585862e-01
9.585677e-01
9.585492e-01
9.585308e-01
9.585123e-01
9.584938e-01
9.584754e-01
9.584569e-01
9.584385e-01
9.584200e-01
9.584015e-01
9.583831e-01
9.583646e-01
9.583462e-01
9.583277e-01
9.583092e-01
9.582908e-01
9.582723e-01
9.582539e-01
9.582354e-01
9.582170e-01
9.581985e-01
9.581801e-01
9.581616e-01
9.581431e-01
9.581247e-01
9.581062e-01
9.580878e-01
9.580693e-01
9.580509e-01
9.580324e-01
9.580140e-01
9.579955e-01
9.579771e-01
9.579586e-01
9.579402e-01
9.579217e-01
9.579033e-01
9.578848e-01
9.578664e-01
9.578479e-01
9.578295e-01
9.578110e-01
9.577926e-01
9.577741e-01
9.577557e-01
9.577372e-01
9.577188e-01
9.577003e-01
9.576819e-01
9.576635e-01
9.576450e-01
9.576266e-01
9.576081e-01
9.575897e-01
9.575712e-01
9.575528e-01
9.575344e-01
9.575159e-01
9.574975e-01
9.574790e-01
9.574606e-01
9.574421e-01
9.574237e-01
9.574053e-01
9.573868e-01
9.573684e-01
9.573499e-01
9.573315e-01
9.573131e-01
9.572946e-01
9.572762e-01
9.572578e-01
9.572393e-01
9.572209e-01
9.572024e-01
9.571840e-01
9.571656e-01
9.571471e-01
9.571287e-01
9.571103e-01
9.570918e-01
9.570734e-01
9.570550e-01
9.570365e-01
9.570181e-01
9.569997e-01
9.569812e-01
9.569628e-01
9.569444e-01
9.569259e-01
9.569075e-01
9.568891e-01
9.568707e-01
9.568522e-01
9.568338e-01
9.568154e-01
9.567969e-01
9.567785e-01
9.567601e-01
9.567417e-01
9.567232e-01
9.567048e-01
9.566864e-01
9.566679e-01
9.566495e-01
9.566311e-01
9.566127e-01
9.565942e-01
9.565758e-01
9.565574e-01
9.565390e-01
9.565206e-01
9.565021e-01
9.564837e-01
9.564653e-01
9.564469e-01
9.564284e-01
9.564100e-01
9.563916e-01
9.563732e-01
9.563548e-01
9.563363e-01
9.563179e-01
9.562995e-01
9.562811e-01
9.562627e-01
9.562442e-01
9.562258e-01
9.562074e-01
9.561890e-01
9.561706e-01
9.561522e-01
9.561337e-01
9.561153e-01
9.560969e-01
9.560785e-01
9.560601e-01
9.560417e-01
9.560233e-01
9.560048e-01
9.559864e-01
9.559680e-01
9.559496e-01
9.559312e-01
9.559128e-01
9.558944e-01
9.558760e-01
9.558576e-01
9.558391e-01
9.558207e-01
9.558023e-01
9.557839e-01
9.557655e-01
9.557471e-01
9.557287e-01
9.557103e-01
9.556919e-01
9.556735e-01
9.556551e-01
9.556367e-01
9.556183e-01
9.555998e-01
9.555814e-01
9.555630e-01
9.555446e-01
9.555262e-01
9.555078e-01
9.554894e-01
9.554710e-01
9.554526e-01
9.554342e-01
9.554158e-01
9.553974e-01
9.553790e-01
9.553606e-01
9.553422e-01
9.553238e-01
9.553054e-01
9.552870e-01
9.552686e-01
9.552502e-01
9.552318e-01
9.552134e-01
9.551950e-01
9.551766e-01
9.551582e-01
9.551398e-01
9.551214e-01
9.551030e-01
9.550846e-01
9.550662e-01
9.550478e-01
9.550295e-01
9.550111e-01
9.549927e-01
9.549743e-01
9.549559e-01
9.549375e-01
9.549191e-01
9.549007e-01
9.548823e-01
9.548639e-01
9.548455e-01
9.548271e-01
9.548087e-01
9.547904e-01
9.547720e-01
9.547536e-01
9.547352e-01
9.547168e-01
9.546984e-01
9.546800e-01
9.546616e-01
9.546433e-01
9.546249e-01
9.546065e-01
9.545881e-01
9.545697e-01
9.545513e-01
9.545329e-01
9.545146e-01
9.544962e-01
9.544778e-01
9.544594e-01
9.544410e-01
9.544226e-01
9.544043e-01
9.543859e-01
9.543675e-01
9.543491e-01
9.543307e-01
9.543123e-01
9.542940e-01
9.542756e-01
9.542572e-01
9.542388e-01
9.542204e-01
9.542021e-01
9.541837e-01
9.541653e-01
9.541469e-01
9.541286e-01
9.541102e-01
9.540918e-01
9.540734e-01
9.540551e-01
9.540367e-01
9.540183e-01
9.539999e-01
9.539816e-01
9.539632e-01
9.539448e-01
9.539264e-01
9.539081e-01
9.538897e-01
9.538713e-01
9.538529e-01
9.538346e-01
9.538162e-01
9.537978e-01
9.537795e-01
9.537611e-01
9.537427e-01
9.537244e-01
9.537060e-01
9.536876e-01
9.536692e-01
9.536509e-01
9.536325e-01
9.536141e-01
9.535958e-01
9.535774e-01
9.535590e-01
9.535407e-01
9.535223e-01
9.535040e-01
9.534856e-01
9.534672e-01
9.534489e-01
9.534305e-01
9.534121e-01
9.533938e-01
9.533754e-01
9.533570e-01
9.533387e-01
9.533203e-01
9.533020e-01
9.532836e-01
9.532652e-01
9.532469e-01
9.532285e-01
9.532102e-01
9.531918e-01
9.531734e-01
9.531551e-01
9.531367e-01
9.531184e-01
9.531000e-01
9.530817e-01
9.530633e-01
9.530449e-01
9.530266e-01
9.530082e-01
9.529899e-01
9.529715e-01
9.529532e-01
9.529348e-01
9.529165e-01
9.528981e-01
9.528797e-01
9.528614e-01
9.528430e-01
9.528247e-01
9.528063e-01
9.527880e-01
9.527696e-01
9.527513e-01
9.527329e-01
9.527146e-01
9.526962e-01
9.526779e-01
9.526595e-01
9.526412e-01
9.526228e-01
9.526045e-01
9.525861e-01
9.525678e-01
9.525495e-01
9.525311e-01
9.525128e-01
9.524944e-01
9.524761e-01
9.524577e-01
9.524394e-01
9.524210e-01
9.524027e-01
9.523844e-01
9.523660e-01
9.523477e-01
9.523293e-01
9.523110e-01
9.522926e-01
9.522743e-01
9.522560e-01
9.522376e-01
9.522193e-01
9.522009e-01
9.521826e-01
9.521643e-01
9.521459e-01
9.521276e-01
9.521092e-01
9.520909e-01
9.520726e-01
9.520542e-01
9.520359e-01
9.520176e-01
9.519992e-01
9.519809e-01
9.519625e-01
9.519442e-01
9.519259e-01
9.519075e-01
9.518892e-01
9.518709e-01
9.518525e-01
9.518342e-01
9.518159e-01
9.517975e-01
9.517792e-01
9.517609e-01
9.517426e-01
9.517242e-01
9.517059e-01
9.516876e-01
9.516692e-01
9.516509e-01
9.516326e-01
9.516142e-01
9.515959e-01
9.515776e-01
9.515593e-01
9.515409e-01
9.515226e-01
9.515043e-01
9.514860e-01
9.514676e-01
9.514493e-01
9.514310e-01
9.514127e-01
9.513943e-01
9.513760e-01
9.513577e-01
9.513394e-01
9.513210e-01
9.513027e-01
9.512844e-01
9.512661e-01
9.512477e-01
9.512294e-01
